2713
213
217
1784
1786
2841
3321
4024
5475
4577
4470
4227
5502
491
4707
5275
2527
4703
5626
4381
5100
5620
1371
819
405
402
1671
816
3489
2465
1798
879
4337
5069
5180
4886
4887
3333
3330
3283
1953
5466
128
3641
5300
1060
4879
1391
4482
5853
920
370
1655
1383
2902
1085
2900
1279
1120
194
311
700
702
192
4208
4659
5760
3279
3575
4288
4720
2381
2385
1900
4490
2388
425
1654
5682
2604
3817
2050
2763
3952
446
588
444
4218
5320
5678
2327
4545
4118
5776
39
5244
5087
1648
4959
5799
1943
4950
3407
4903
4954
579
2077
2458
3618
3598
2901
2453
2618
2190
5667
4670
2804
170
5239
5549
1426
3510
3219
183
732
2688
2689
3941
4263
735
1508
1608
3465
99
4774
315
3893
5898
2955
2956
5106
4377
3177
96
3887
15
4683
1023
1186
3543
3443
3370
1454
3962
2083
2101
5652
1741
1513
2456
2862
1974
600
5113
3488
2634
556
609
553
1723
4619
1898
5525
5211
1161
5643
5947
5218
4165
3108
878
1057
4552
1615
1111
1290
1753
5335
4258
892
2876
2518
1275
5530
5045
2167
1881
78
5363
4161
4154
3785
4916
3224
945
3113
2371
4583
1360
1686
4585
6035
