2713
213
1784
1786
2841
3321
4470
4227
5502
491
5074
2527
4703
5626
4381
5620
1371
405
402
2158
816
3489
3835
3598
5069
3333
3330
2453
3641
5300
1060
4879
1391
1655
2902
1085
2900
1279
194
700
702
192
4208
5760
3575
4720
2381
2385
2261
425
1654
5682
3817
5239
2763
3952
446
3955
444
5678
5776
39
5244
1723
4959
648
4950
2371
4954
3283
3618
2456
5030
2618
2190
5667
4670
1900
5947
2880
1426
3510
3219
5702
183
732
2688
735
1508
5363
99
5897
5898
5100
5652
4603
96
5180
15
4683
1023
2126
3443
1454
3962
2083
1513
2862
606
5113
2634
553
1648
4619
1798
5643
4165
4161
1057
1111
1290
5929
4258
892
2876
1275
5530
5045
78
1608
878
4154
3543
3224
3113
6137
1360
1686
4585
4583
