2713
213
5175
217
2718
1784
1786
2841
3321
4470
4227
5502
491
5074
2527
4703
1943
4381
2480
5620
1371
819
405
402
2158
1671
816
3489
3488
1798
4337
5069
4886
3333
3330
5030
1953
1562
3641
5300
1060
4879
1391
920
1655
1383
2902
1085
2900
1279
194
700
702
192
4208
5760
3279
3575
4720
2381
2385
3835
4490
2261
425
1654
5682
3583
3817
5239
2763
3952
446
3955
444
5320
3154
5678
4545
5776
39
2126
5244
5087
1723
4959
5626
648
4950
2371
4954
4263
3618
2456
4184
2453
2618
2190
5667
2901
4670
1900
170
5947
2880
1426
3510
3219
5702
183
732
2688
2689
3941
5652
735
1508
3113
5363
3465
99
4774
5897
5898
5100
5106
4603
3177
96
5180
15
4683
1023
3543
3443
1454
3962
2083
1741
1513
2862
606
1161
5113
2465
2634
556
609
553
1648
4619
5643
657
4165
4161
1057
1615
1111
1290
1753
5929
4258
892
2876
1275
3875
5530
5045
78
1608
878
4154
3785
3598
3224
3283
6137
1360
1686
4585
4583
