3715
5363
2713
5897
2095
5898
4024
4025
4020
4577
5506
4470
5502
225
693
2527
4149
5827
2489
4901
1943
4903
2485
2482
2480
4670
819
1723
2385
96
816
5842
2465
1799
1798
1311
5069
2857
4887
3333
2389
3330
3407
5466
128
6092
5239
4231
945
1700
2261
1023
4734
5300
1060
2314
4879
2412
1654
412
5853
296
295
2066
1660
1085
5395
1120
194
311
5747
2782
4327
192
271
3443
277
279
5422
4659
2821
3279
2546
3575
4288
3571
2098
2381
4496
4495
5689
2660
4490
1014
1402
1400
363
5682
3583
1232
5275
2763
447
4218
444
5672
588
5320
5678
4703
101
106
5776
2044
5244
1648
5242
4959
5799
4431
5875
4952
648
2167
432
4381
4954
579
2298
3616
2610
3618
2862
2618
2190
4628
2808
4105
3793
3003
5137
4361
4915
1900
600
860
3519
1813
3457
1426
2560
3510
405
5702
732
2688
2689
2388
3316
2571
556
39
5026
4776
1379
4774
1864
4447
164
5652
4377
4375
5180
4683
4937
5222
3680
1454
3962
5342
2101
1516
1513
4764
3869
5116
5113
5112
2634
2636
3633
553
4427
4619
3062
2913
3066
2949
235
3539
4610
34
2940
5356
3068
993
878
1057
3433
5871
2032
2031
1756
2944
5929
2039
4258
892
143
4332
4921
149
5530
4886
3702
4950
1881
1609
1608
4161
4154
2126
4916
2083
4011
1974
3113
4661
4015
3110
1539
2532
6035
216
217
2961
213
5175
955
2718
1784
2843
1786
2841
3321
6127
5079
156
3410
6122
4227
491
5074
4707
1833
2327
4701
5626
3797
5100
4709
5620
1371
1373
402
2400
5335
4010
1378
5908
2158
1671
2408
3489
3835
2456
879
4337
4334
670
3932
3248
2453
1953
2880
1562
3641
1828
3562
6010
1552
59
6017
3283
1753
3247
2995
2496
4484
5693
5118
5587
4482
4405
371
370
827
4662
3893
2250
2902
2901
2900
5016
1279
425
700
987
702
2198
88
3150
1489
398
87
5760
796
2285
792
5255
4720
428
2804
4969
3620
2077
1391
1655
2604
977
2600
3817
580
2050
3952
3957
305
3955
1275
920
446
3262
2839
3154
5124
3159
3158
4545
4118
3465
1432
4828
5087
3505
1126
5408
3365
1383
2371
623
3591
4263
2458
223
2922
4184
5030
5331
2474
5667
3488
589
170
2051
5947
5548
3217
4064
1637
3052
3219
1800
182
183
181
4460
6044
3941
735
1508
78
5781
3529
2626
4399
4165
3875
3070
2181
5109
315
3520
228
3171
5899
2956
5106
4603
3177
3176
3887
15
14
3883
1186
1187
3543
6141
3371
3370
5475
2755
2020
720
3224
1740
1741
606
601
1161
2281
609
6137
4453
4649
1898
5525
5211
5915
5643
657
5218
5692
4693
3108
4925
4552
4510
1615
42
1111
5549
327
1290
1449
776
2876
2518
2643
679
5286
2322
4208
5045
5739
4287
99
1040
5638
3785
3598
3420
5447
4395
2955
476
1360
1686
4585
1763
1361
3954
4583
