3715
2713
5897
5898
4024
4020
4577
5506
4470
5502
225
693
2527
4149
5827
2489
4901
1943
4903
2485
2482
2480
4670
819
1723
2385
3529
816
5842
2465
1799
2913
5069
4886
4887
3333
3330
3407
5466
128
6092
5239
945
1400
1828
4734
5300
1060
2314
4879
5079
1654
412
5853
296
295
2066
1660
1085
5395
1120
194
311
5747
2782
1126
192
271
3443
279
5422
4659
2821
3279
2546
3575
4288
3571
2098
2381
4496
4495
5689
4490
2389
1402
2261
363
5682
3583
1232
2763
4218
444
5672
588
5320
5678
2327
101
106
5776
39
5244
1648
34
4959
5799
5875
4952
648
2167
432
4954
579
2298
3616
2610
3618
2862
2618
2190
4628
4105
3003
2198
4361
1900
600
3519
1813
3457
1426
2560
3510
5702
732
2688
2689
2388
3316
425
5026
4776
1379
4774
1864
5652
4377
96
5180
4683
4937
5222
3680
1454
3962
2101
1513
4764
3869
5116
5113
5112
2634
556
5118
553
4427
4619
3062
1798
3066
2949
3539
4610
3068
2940
2944
878
1057
5871
2032
1753
5929
4258
892
143
4332
1275
149
5530
3883
3702
4950
1881
1608
4161
4154
2126
4916
2083
4011
4915
3113
4661
6035
216
217
213
5175
2718
1784
2843
1786
2841
3321
6127
5475
3410
6122
4227
491
5074
4707
5275
4703
4701
5626
4381
5100
4709
5620
1371
405
402
2400
5335
4010
2158
1671
2408
3489
3835
2456
879
4337
670
3932
2453
1953
1562
3641
4165
3562
6010
59
3283
2995
5692
5693
4482
4405
371
370
3893
2250
2902
2901
2900
5016
1279
700
987
702
6141
3150
87
5760
5255
4720
428
2804
4969
2077
1391
1655
2604
2600
3817
2050
3952
3957
2285
3955
589
920
446
3262
3154
5124
3159
3158
4545
4118
3465
1432
4828
5087
2571
1383
2371
623
4263
2458
223
2922
4184
5030
5331
2474
5667
3488
5548
170
977
5947
2880
3217
4064
657
3219
1800
182
183
181
4460
3941
735
1508
78
5781
2626
5363
3875
3070
315
228
3171
2955
2956
5106
4603
3177
3176
3887
15
1974
1023
1186
1187
3543
4208
3371
3370
99
2755
720
3224
1741
606
601
1161
2281
609
4453
1898
5525
5211
5643
5218
4921
3108
4925
4552
1615
1111
5549
327
1290
1449
776
2876
2518
2643
679
5045
4287
4399
1040
5638
3785
3598
3420
6137
476
1360
1686
4585
1763
1361
3954
4583
