3715
2713
5898
4024
4577
5506
4470
5502
5100
2527
5827
2489
4901
1943
4903
2480
4670
819
3529
816
5842
2465
1798
5069
4886
3333
3330
5466
128
5239
1828
4734
5300
1060
2314
4879
1654
5853
920
2066
1383
1085
1120
194
311
192
271
4659
3279
2546
3575
2381
2385
4490
3962
2261
363
5682
3583
2763
4218
444
588
5320
5678
4703
5776
39
5244
1723
34
4959
5799
5875
4952
648
2167
4954
579
2298
2610
3618
2618
2190
606
3003
2198
1900
600
1426
2560
3510
5702
732
735
2689
3893
3316
425
99
4774
5652
4377
96
5180
4683
3680
1454
2518
2101
1513
2862
5113
3835
2634
556
553
1648
4619
3066
3539
878
1813
2032
1753
5929
4258
892
1275
5530
3702
4950
1881
1608
4925
4154
3543
4916
2083
4010
3113
6035
217
213
5175
2718
1784
2843
1786
2841
3321
5475
4227
491
5074
4707
5275
2327
5626
4381
5620
1371
405
402
2158
1671
3489
3488
3598
879
4337
4332
3932
2453
1953
1562
3641
6010
5106
2995
4482
4405
370
2902
2901
2900
1279
700
702
4208
5760
5255
4720
2804
2077
1391
1655
2604
2600
3817
2050
3952
2880
3955
446
3262
3154
5124
4545
4118
3465
5087
2371
4263
2458
2922
4184
5030
5331
5667
170
5947
5548
5549
1057
4828
183
3219
657
3941
2688
1508
3875
3070
5897
3171
2956
3283
4603
3177
3176
3887
15
1974
1023
1187
2126
3443
3370
3224
1741
2456
945
1161
609
1898
5525
5643
5218
4165
3108
4161
4552
1615
1111
1290
5335
2876
5045
78
5363
5638
3785
6137
1360
1686
4585
4583
