2713
4024
4020
4577
4470
5502
225
2527
5827
1943
4903
2485
4670
819
816
5842
2465
1799
1798
5069
4886
4887
3333
3330
3407
5466
128
5300
1060
4879
1654
412
5853
920
2066
1383
1085
1120
194
311
315
192
4659
2821
3279
4287
3575
4288
2381
4496
2385
4490
2388
5682
2763
446
444
4218
5320
5678
4703
101
5776
39
5244
1648
4959
1513
5875
5549
4950
4954
579
3616
3618
2862
2618
2190
4105
3003
4361
1900
600
1426
3510
732
2688
2689
3893
99
4774
5652
4377
96
5180
4683
4937
3680
1454
3962
2101
5799
5525
3869
5113
5112
2634
556
5118
553
1723
4619
4010
3066
2940
878
879
1753
1279
892
1275
5530
3702
2167
1881
1608
4154
3543
4916
2083
4011
945
3113
6035
217
213
1784
2843
1786
2841
3321
5475
4227
491
4707
5275
2327
5626
4381
5100
4709
5620
1371
405
402
2400
1379
1671
3489
3488
3598
4337
1953
1562
3641
3283
4482
370
2902
2901
2900
4258
700
987
702
4208
87
5760
4720
2804
425
1391
1655
2604
3817
5239
3952
588
3262
5124
3159
3158
4545
4118
3465
1432
5087
2571
1660
2371
4263
2458
223
2456
2453
5667
170
977
5947
5548
3217
1057
4064
3219
182
183
4460
3941
735
1508
4399
5898
2955
2956
5106
3177
3176
3887
15
1023
1186
1187
6141
3443
3370
3224
2050
1741
1974
601
1161
609
4453
1898
4764
5211
5643
5218
4165
3108
4161
4552
1615
1111
1290
5335
2876
2518
1686
5045
78
5363
1040
3785
476
1360
2077
4585
4583
