2713
213
5175
217
2718
5897
1784
2843
1786
2841
3321
4024
5475
4577
4470
4227
5502
491
5074
4707
5275
2527
4703
2489
4901
1943
4381
5100
2480
5620
1371
819
405
402
2158
1671
816
3489
2465
1798
4337
5069
5180
4886
3932
3333
3330
2453
1953
5466
1562
3641
2190
4734
5300
1060
2314
4879
1654
5853
920
370
1655
1383
2902
1085
2900
1279
1120
194
700
702
192
271
4208
4659
5760
3279
2546
3575
3618
4720
2381
2385
1900
3835
4490
3962
2261
425
363
1391
5682
2604
3583
2600
3817
5239
2763
3952
446
588
444
3955
5320
3154
5678
2327
4545
4118
5776
3465
2126
5244
5087
1723
34
4959
1513
5626
648
4950
4903
4954
3283
579
2077
2458
2298
1813
3598
2901
5030
2618
5331
5667
2198
4670
2804
170
5947
2880
5549
1057
1426
3510
3219
5702
183
732
2688
2689
3941
4263
735
1508
4161
5363
39
99
4774
3893
5898
2956
5106
4603
3177
96
3171
3887
15
4683
1023
3785
3443
3370
1454
2518
2083
2101
5652
1741
5799
2456
2862
606
1161
5113
3488
2634
556
609
553
1648
4619
1898
3066
3539
5643
657
5218
4165
878
879
4552
1615
1111
2032
1290
1753
5929
5335
4258
892
2876
4332
1275
3875
5530
5045
1881
78
3070
1608
4184
4925
4154
3543
4916
3224
1974
3113
6137
2371
6035
1360
1686
4585
4377
4583
