2713
213
217
1784
1786
2841
3321
4024
5475
4577
4470
4227
5502
5100
4707
2527
4703
5626
4381
5620
1371
819
405
402
1671
816
3489
2465
1798
879
4337
5069
5180
4886
3333
3330
3283
1953
5466
3641
5300
1060
4879
1391
920
370
1383
2902
1085
2900
1279
1120
194
700
702
192
4208
4659
5760
3279
3575
4720
2381
2385
1900
4490
3962
425
1654
1655
2604
3817
5947
2763
446
444
5320
5678
2327
4545
4118
5776
39
5087
1648
4959
1943
4950
4903
4954
4263
2458
3618
3598
2901
2453
2618
2190
5335
4670
2804
170
5239
5549
1426
3219
183
732
2688
2689
3941
5652
735
1508
1608
3465
99
4774
3893
5898
2956
5106
4377
3177
3887
4683
1023
3543
3443
1454
2518
2083
1741
1513
2862
1161
5113
3488
2634
556
609
553
1723
4619
1898
5643
5218
4165
878
1057
1615
1111
1290
1753
4258
892
2876
1275
5530
5045
78
5363
4154
3785
4916
3224
1974
3113
2371
1360
1686
4585
4583
