3715
2713
228
5898
4024
4025
4020
4577
5506
4470
5502
2098
693
2527
5827
2489
1943
4903
2485
2480
4670
819
2385
3529
816
5842
2465
1799
1798
1311
5069
2857
4887
3333
1014
3330
3407
5466
128
6092
5239
4231
1700
1400
1828
4734
5300
1060
2314
4879
5079
1654
412
5853
296
295
2066
1660
1085
5395
1120
194
311
5747
315
192
271
3443
279
5422
4659
2821
3279
4287
3575
4288
2381
4496
4495
5689
4490
2389
1402
2261
363
5682
3583
1232
5275
2763
446
444
5672
588
5320
5678
4703
101
5776
39
5244
1723
5242
4959
5799
5875
4952
5549
4950
4954
579
2298
3616
2610
3618
2862
2618
2190
4628
2808
4105
3003
2198
601
4915
1900
600
3519
1813
3457
1426
3365
3510
5702
732
2688
2689
2388
425
2044
5026
4776
1379
4774
1864
5652
4377
96
5180
4683
4937
3680
3785
1454
3962
2101
1516
1513
4764
3869
5116
5113
5112
2634
556
5118
553
1648
4619
3062
2913
3066
2949
4610
3539
235
34
2940
5356
2944
878
1057
3433
5871
2032
1753
5929
1279
892
143
4332
1275
149
5530
4886
3702
2167
1881
1609
1608
4161
4154
2126
4916
2083
4011
945
3113
4661
4662
2532
6035
217
2961
213
5175
2718
1784
2843
1786
2841
3321
5475
156
3410
6122
4227
491
4707
1833
2327
5626
4381
5100
4709
5620
1371
405
402
2400
4010
5908
2158
1671
3489
3488
2456
879
4337
670
3932
5030
1953
1562
3641
3562
6010
59
3283
3247
2995
5692
5693
5587
4482
371
370
2250
2902
2901
2900
5016
4258
700
987
702
6141
3150
1489
87
5760
4484
2285
792
4720
428
2804
4969
2077
1391
1655
2604
2051
2600
3817
580
2050
3952
225
305
3955
589
920
3262
3154
5124
3159
3158
4545
4118
5408
3465
1432
4828
5087
3505
2571
2560
1383
2371
623
3591
4263
2458
223
2922
4184
2453
5331
2474
5667
5548
170
977
5947
2880
3217
4064
1637
3052
3219
182
183
181
4460
6044
3941
735
1508
5781
2626
5363
3875
3070
5109
3520
3893
3171
5899
2956
5106
3177
3176
3887
15
1974
1023
1186
1187
3543
4208
3371
3370
99
2755
2020
720
3224
1740
1741
4218
606
4361
1161
2281
609
6137
4453
1898
5525
5211
5643
657
5218
4165
3108
4925
4552
4510
1615
42
1111
1290
5335
776
2876
3883
2518
679
5286
5045
5739
78
4399
1040
5638
1800
3598
3420
5447
4395
2955
476
1360
1686
4585
3954
4583
