35542
44884
29687
13356
35234
35239
28995
11540
330103
11545
5988
19397
19396
19395
19394
19393
5985
22261
22260
22262
22264
22268
48891
117076
48894
48895
25062
25063
25060
19710
25067
25064
25068
25069
43871
43870
254374
3959
27370
185103
6794
27373
6792
6793
27379
6798
6799
98643
25288
61945
25280
25281
16253
16251
273
19977
275
276
19974
80596
16259
16702
22485
22486
12018
24321
12017
12016
12011
12010
204780
17252
82104
17255
17256
17257
10709
128295
9528
9529
9524
9525
10701
10700
9520
95792
10704
24883
149143
46796
21614
21617
21611
21612
24819
26575
26021
134349
69176
51266
10619
26029
153809
45116
26571
22874
22875
22876
22870
22872
24083
24082
26572
24085
24084
26192
3519
38507
41286
38508
3514
70663
2682
108710
14627
14620
71824
14628
71822
38642
40194
94
96
13058
13059
18046
59447
13052
13053
13056
102712
13054
13055
18701
21730
15249
91063
14688
17823
17821
133274
27578
27579
252630
27572
20253
27570
27571
27576
27577
20254
20255
29819
29818
29817
29816
243763
23509
23505
23051
23050
23053
23500
36716
76089
27619
27618
27617
27610
59032
59036
29109
517
7181
7182
15264
84775
29107
132053
3886
1225
12831
15289
8548
8019
15285
8544
15287
15286
15281
173305
173306
8542
26625
26624
26627
26626
44931
26623
107094
123037
1220
102496
7459
24518
145431
4849
55338
117069
55628
16887
162042
55626
55336
84906
52818
22672
22670
22671
6536
145695
100378
50673
26568
14722
9462
69412
187258
15556
24704
24705
24706
24700
24701
24703
27728
348296
15263
22019
77021
395
141334
22015
2309
4729
21470
2301
13615
13616
4721
2304
16370
11289
19706
19707
19700
32221
19702
32223
19708
32229
5849
5848
17621
17623
17624
3749
17628
3744
3745
3743
4620
4621
13533
4623
4624
13537
14538
41825
11757
11756
11755
11753
11752
16392
19561
19562
19563
19564
19565
19566
16395
93354
39642
21475
20733
20732
20735
20734
20736
16373
20738
20793
141841
102942
25544
25546
25541
25540
25543
178
13285
13284
25549
172
64027
74221
113142
21286
21287
21284
21938
21939
21289
42333
32064
76536
20089
20088
20087
45304
48555
20084
20083
45303
20080
10391
57087
10395
21476
57088
16936
7219
16934
16935
16930
16931
14969
17388
7216
16939
12227
12224
12225
12220
6210
12228
16256
32015
90103
15877
6813
16254
196641
6817
6816
29372
40889
29379
16707
10573
18934
21424
21425
21422
37301
21420
21421
13548
18938
21428
17387
8848
73107
8840
8841
8842
8843
8847
83287
30628
123731
30620
54278
59487
30627
83288
30625
7669
26818
7661
146860
26814
26815
137186
18532
26810
24419
147195
18823
41686
18031
29596
18310
40551
22489
11193
22488
24551
24550
14344
24554
18315
47682
11118
697
14471
28356
11113
33930
28352
14477
8710
8714
30333
94482
13841
13840
13845
13844
145598
73666
16389
55062
21531
96794
5618
11761
19104
7112
96792
5611
5614
64679
62143
21532
96791
5715
17927
44836
97448
110578
35213
11568
11569
47024
107538
11564
23268
11567
150414
22249
22248
22247
22245
111341
25049
9527
49937
25736
10707
25734
25735
43857
25730
21860
74032
128851
6778
6779
27398
27399
6774
27394
27395
6770
27393
6772
9964
34925
39013
24887
56453
114328
19918
205395
55819
168882
19911
19910
19913
19912
16235
24889
16725
16724
12039
12038
257012
12030
12035
12034
124110
250178
100038
1679
9509
16250
221944
19326
21638
302538
21633
21631
21630
49094
49097
21634
141451
370530
134363
134362
3681
3687
93483
3684
26049
26048
23834
81774
26040
2516
26044
49327
46514
128148
152669
42815
42816
19371
3531
3530
22811
22816
5059
22814
22815
5054
5055
5056
22819
5052
5053
22525
204442
21290
94175
24373
19259
53977
90669
18893
18892
18891
54995
14862
14863
14644
14861
18545
18547
18546
18541
18540
62314
13072
13076
26459
83453
36176
36177
36172
18768
18761
33526
18097
18767
18766
20270
20271
20272
27554
27555
27556
27557
20278
13899
10185
156630
7897
186632
29749
29748
29290
29747
40766
24639
272552
23078
7894
23073
23072
1157
25898
58420
29121
25893
39577
25897
25896
25895
25894
28029
31744
8037
8033
88548
12589
12583
12582
12580
8527
8525
44911
26600
26607
26605
26604
95217
26609
26608
92244
123054
92246
42834
18343
22655
22656
88723
22650
22652
16924
22659
61032
26544
26545
26547
26540
18342
22386
22387
154848
13988
4294
13980
13981
4292
28657
23383
23386
24762
22030
22034
22035
22036
22037
277384
35661
154597
86247
35662
6368
78781
73053
4749
31962
13673
13671
4747
4746
32242
16003
5868
16004
5864
5867
5866
17068
17356
17351
17601
17352
25387
90873
25383
4608
25380
4606
4607
13515
4605
13511
25388
93377
12420
104030
101511
104032
23922
13593
6453
93379
27235
27231
27230
19588
19589
19586
6903
19584
19582
27238
19580
19581
64557
15346
54142
71282
20864
20863
20710
8134
60078
25567
27061
2236
8136
5937
10827
4207
6184
6183
6182
6807
10822
15867
42314
90297
18878
2721
71823
45321
16113
87356
7236
7945
7946
9192
7232
7230
10379
10376
10377
10374
7948
7949
7238
10371
16914
7607
16912
16913
23182
105614
12204
9740
12200
12201
12202
12203
68287
36589
9779
9778
9775
10513
9777
9776
10516
29355
9773
18952
14980
18950
18951
14985
21409
14987
37365
21404
21405
21406
21407
813
26835
26836
26837
26832
26833
26838
123282
19579
71981
21436
71987
7934
21430
14189
13401
5263
5262
13400
14181
14180
14183
14182
14185
138659
14186
21083
179600
21084
15858
137302
83157
14325
108471
11134
14320
11131
24575
18378
18379
17980
17982
17983
79721
62120
3028
17988
28402
3025
35341
262926
3021
15582
15581
30356
34986
8738
30355
8734
8735
78945
19192
4198
4196
13866
4194
31558
31001
35053
13861
4191
25310
83474
89003
55121
38386
38381
38380
13057
111978
18924
66044
66047
35272
35273
35274
23248
47009
23719
23716
23717
23246
23715
23713
23710
15326
12447
12444
6434
30972
30973
15320
27009
27007
8198
8199
27002
15329
124870
32588
382399
140295
32584
32969
6757
6754
6755
92762
9944
9945
107917
35589
19937
16216
16743
16742
16211
7440
19248
101181
12051
238
239
12056
235
236
42787
56781
62928
131339
131338
131337
166988
34488
25714
25715
25716
120168
25718
21651
21650
21877
21652
21870
21659
21658
125663
21878
22319
17793
149105
64494
124395
64497
26062
26061
26068
2539
27573
2533
2537
348
38815
22839
17165
27574
17160
19087
5074
94117
57434
10749
53954
10746
10745
930
10742
10741
18569
18568
14844
14845
33096
18567
18566
18565
1757
38601
38603
38604
96786
25054
13098
13096
13097
13095
13090
275892
85126
85651
44206
36110
44204
44202
6029
23957
20298
20299
20292
27821
27822
20291
796
9386
129418
39632
15323
9382
9383
129145
67142
799
67140
74743
40922
40923
2414
316637
72070
68867
251304
15139
26574
15130
15136
15135
26993
31765
31766
26990
7148
26996
26995
26994
7143
18747
37641
18742
18741
18749
8053
34044
26330
30010
30013
30012
8509
72210
8059
8058
12879
123075
95233
31492
26668
291790
26661
26663
26662
26665
26664
7494
26666
28090
23010
24298
2
23015
24290
24297
126133
24295
1285
241157
88293
88297
26520
154821
26526
14858
26528
26529
24740
24742
24743
24744
24748
1282
8771
28899
28678
28674
28670
28673
4761
43315
4763
13654
13657
13658
13659
43318
185282
11241
8767
11242
19749
5809
19036
19037
19034
103938
19746
19031
124091
100915
17370
64798
77972
25365
15200
25362
23903
23901
23900
23907
23906
23905
23904
11793
681
23909
23908
11796
11795
11794
27213
27212
65954
27210
233358
1574
13834
41089
120200
13835
64579
20846
20844
14926
185637
185636
25501
185638
25503
25502
25505
25504
16688
16689
230207
16684
16685
16686
12314
16683
166302
14769
10355
2709
10351
10353
4882
4883
4884
4885
4886
33407
7960
7961
7967
54834
10683
10680
10687
53094
16973
16971
16976
16974
33150
17083
17082
17084
8549
12319
12267
12264
12265
90148
10532
10536
33374
90142
18994
9718
42991
42990
9712
9711
9710
42999
14232
833
24108
21469
8888
8889
834
32746
24102
24103
8886
21461
21466
8881
37430
24105
45342
20595
8543
20597
20596
15282
44566
26850
26851
44562
26854
86466
15634
40047
26859
40041
40043
12916
165881
26621
18999
7450
1726
5244
7451
1723
15832
15833
15830
15831
15836
15837
13133
15835
13139
138321
141983
40598
63776
40594
28461
28460
33971
7932
14307
3000
14304
28468
18356
14308
18350
18353
27455
27454
20337
20331
20330
27453
45962
17966
17967
1580
1586
27458
17960
52518
8633
111006
59992
89027
31530
31020
114891
24035
5659
5656
24032
53064
5650
21513
234777
28284
23736
23737
23730
23731
23732
27024
27025
27027
27021
195908
195907
23220
23221
27028
23227
47064
61489
13349
12469
12464
150801
6416
30950
30951
12463
7774
7773
7772
7771
73627
73622
3916
19485
19481
57493
19489
8314
8310
6735
166461
6737
6738
36639
56413
5994
224553
68760
50153
180102
9921
9925
73957
19263
19262
19261
215
19267
19266
16768
16767
16766
19269
16764
16763
16762
16761
16760
22171
22170
22172
12077
12075
12074
22179
22178
24861
69223
11572
25772
25773
25770
253847
25774
25775
43816
25778
25779
86815
21853
21852
46081
49059
24828
21678
21677
49054
46088
98081
98082
3640
64962
94289
2557
2558
159119
26086
11476
11477
11474
11475
87107
44404
11479
19383
5014
5015
98882
26563
38837
17414
17415
17140
17411
25192
126462
13304
4412
13300
4410
919
918
104774
915
9545
113517
910
913
62351
14820
14827
58906
309614
21847
45289
15932
20109
20107
20104
20105
20102
153318
64219
21369
36133
36135
83418
83417
21499
85101
22947
80466
27596
27597
27591
27592
27593
22943
27598
8024
46911
252690
6963
129161
44481
40903
40904
194528
25058
29251
22949
18501
25057
33700
37082
18506
21494
34281
15152
34284
15158
40864
72056
123895
506
156095
39536
7168
16853
29422
7160
7161
7166
7167
7165
19253
33567
108884
37881
109688
8078
30030
30037
229714
8072
8074
12893
8076
26647
26646
26643
84766
26641
26640
39287
26649
86618
50308
48165
11710
50300
50306
1111
23640
1112
1115
1442
23039
23031
47270
22348
22347
22342
22343
26508
23130
26500
26501
26502
26503
26506
26507
3804
108334
13614
14952
6432
28615
73011
95873
73017
46124
43373
114174
4789
15019
258258
4781
23693
19704
5823
32937
5825
27888
5827
5829
5828
23699
93626
11267
11266
14950
127574
5843
19701
5841
74485
56627
25699
25698
235065
25343
25342
25693
25347
25346
25344
53643
51163
11285
11060
27273
11286
27277
25522
25521
74534
74243
11983
11066
21993
21990
21991
21996
21997
195453
8662
21223
17313
17312
17317
52306
17319
12797
12795
9155
2769
57571
9150
114367
2767
70094
70544
16950
9489
16953
16402
7900
7901
16408
7907
6270
6273
12243
12244
20820
20822
7956
240
113708
9739
18883
37415
63299
24123
24124
21330
21331
24128
854
855
3450
16247
850
3457
19960
22971
22970
22973
41338
198802
211380
41332
19963
41990
41993
26870
26871
26872
26873
26875
26877
18812
14146
108655
5221
21804
11855
15818
13112
13117
179138
102302
13114
13118
15815
15817
18673
18672
3063
3062
14498
17940
3066
14493
18333
3069
14497
28442
14367
18676
20313
19560
20310
45947
27476
20315
16393
20319
27478
16390
66664
19661
111930
51008
9814
29060
29069
23752
23201
23750
19134
1300
23757
23206
23207
218870
23209
23758
23759
19132
27042
87473
27041
34491
499
48814
27045
496
9813
195924
492
493
6479
6473
15363
12400
12401
15366
6476
6475
15365
35011
50794
7758
7754
7757
7756
178778
7750
31519
3939
32895
3935
32547
19466
19460
8333
34726
6719
72552
6717
88317
8339
6710
9907
39072
9902
9903
24467
24466
24460
24462
24469
19209
19201
19200
19203
19202
19205
19204
149288
22409
22156
22404
22159
34931
22401
22400
22403
4045
4046
13756
4040
100097
100094
4048
4049
26313
25548
25758
25759
322185
13281
25756
25757
21839
21838
21803
3660
3662
277407
24801
21832
21835
135615
135616
21836
334983
56290
90423
289562
90421
89124
23357
99919
2577
26852
5583
162323
11458
93450
23352
11456
11457
11451
17434
3592
17436
97517
97516
17432
5039
97519
5032
5033
98208
13324
17128
17129
60151
13321
13322
13323
17122
17120
52536
17127
17124
977
976
975
36738
102821
23358
45524
104797
152932
254365
20126
41294
20120
20121
20122
134870
8086
26468
11863
87272
48386
44713
45470
39989
39987
146160
42656
42657
42653
26462
85164
24271
196766
26460
24272
26467
10474
10471
10472
42803
95608
24648
26687
138188
8927
8925
14803
54246
18838
33764
18528
163271
163270
18837
163272
18523
18522
8929
18832
109919
30581
264000
30236
34262
34261
7100
16943
7103
7105
7106
7107
39517
7109
78151
78152
78153
49920
22800
28119
207550
10392
16942
19929
1689
18782
18781
18787
18784
111638
184113
83030
178982
3389
92554
92556
58435
14775
28053
24257
24252
76000
76001
28582
28580
47920
47926
73781
44659
15913
24784
24786
24787
24780
24781
13928
13929
13926
114377
13924
13925
24788
24789
38519
5591
28632
5592
5594
5599
91608
91355
38200
72781
103461
13694
319
318
13691
13905
313
31989
314
11201
43359
11203
11202
148030
11204
11206
11209
11208
7217
66498
4210
32952
19079
22365
22366
88781
417230
127553
25321
25322
25325
2699
25327
25328
23947
23946
23417
23413
23418
23948
27257
27256
76915
173072
82631
27250
27259
27258
22093
15400
22096
22097
16949
8698
2299
15405
31845
19696
19694
19695
19692
19693
32370
11864
74517
19698
19699
8124
19640
42400
51777
117137
8122
16162
10912
10913
15701
17337
17336
17335
17334
41170
17331
10919
9133
7291
9130
7922
7923
9135
57554
10646
16166
10314
10643
7929
121268
16424
16426
16427
16423
105321
6296
6295
6294
6293
6291
6290
154354
69054
26122
64530
20807
104352
153439
86809
20800
121043
113230
113231
53274
37472
49246
39312
21310
21312
79847
22958
17597
94070
3430
877
17599
22957
3435
22955
22954
102494
2743
90980
4594
2746
2748
4846
4847
4840
209001
44529
71696
71925
24144
14169
14168
5205
5206
5209
11990
58605
11995
21423
19869
16308
36072
13170
13174
4566
18646
18647
14345
11192
11195
11194
18640
14340
11199
18319
71070
37298
3048
17920
38052
38054
38056
3040
3043
17929
94408
42699
222078
20371
16305
22678
34920
83209
40008
1095
1093
188444
89062
188443
138814
41715
41712
41710
41711
301931
15693
11677
29040
29041
23778
1324
23775
23776
23777
15436
27069
6905
15432
12425
15430
27060
15349
27062
8689
27064
8131
6909
15439
26118
2395
26247
7734
19199
19449
3958
71246
19443
19442
55096
3950
19195
3955
19196
8358
8359
283028
74892
8352
88330
8357
23544
100524
119656
39090
24443
24442
79381
24446
24444
12820
45191
73194
22429
131397
131396
22136
4062
26339
4061
17788
215857
69262
13778
69912
26334
5784
45198
93292
42606
5782
106198
5788
262099
24459
391623
75345
60390
114634
19991
19990
19993
19992
19997
19996
19998
11434
11435
17452
28105
17450
38873
17105
17108
17109
4453
49613
4451
13341
4456
4455
13348
4458
74165
958
955
337160
21817
24860
24863
24862
24864
139195
80792
25657
32569
20142
20143
20141
20146
20144
20145
155752
16855
16854
16856
16850
85141
16852
44737
44735
16858
6334
205572
6336
6337
387568
42671
167956
59724
59899
26323
10453
39651
53641
168781
194567
10456
57946
10105
10104
10459
194568
9678
10103
21765
21767
21761
71266
21769
21768
12822
11859
33039
18813
11851
11854
54265
54266
11857
102114
83131
80934
26939
80933
80932
26935
26934
7124
26936
26930
26932
312562
84233
86312
1667
1666
1665
68731
81471
8618
24274
24276
24277
2828
2829
168423
26683
2825
4072
24278
20929
66258
66259
28030
47945
14759
28035
14755
14756
14757
14752
14753
34244
34245
34243
68886
68885
35196
13907
13900
13901
13902
47683
129870
114358
18107
18101
18100
18103
18102
11197
39246
272083
5577
5576
5572
144052
28357
30072
72900
3969
103446
39245
339
338
31301
336
28420
11117
3268
93668
11224
11223
185220
19050
51434
19055
19056
19057
61708
25903
25902
214730
25908
25659
151853
81856
25306
25305
25304
25650
25653
25652
23433
5900
74759
23439
23438
194827
29115
194828
194829
50880
7376
42461
117447
16198
16199
16629
32350
16623
16193
28488
12758
12759
12754
166367
166361
12751
10935
10930
100758
16994
16996
16997
19440
93888
9449
9448
9111
33149
16998
16999
21158
21156
21157
21155
16446
16444
12328
124789
19970
26106
81300
21485
12755
21481
14221
21489
22931
109671
22932
22935
22937
8023
21372
46903
21370
21371
8532
37456
21375
58388
38469
116246
6443
88557
38462
10665
10661
13483
4866
2010
13487
4865
18480
18482
14102
14104
14106
14109
14108
71906
33488
17716
52703
17712
19447
232550
52709
26134
20689
20688
13155
13154
13153
13152
120912
20680
20683
20682
20685
10593
10594
10595
105449
18668
18669
33265
18664
18660
18661
18663
20425
27436
27434
27433
27432
20423
17903
17905
27439
17907
16992
87026
87027
17467
14230
202351
44504
44505
44506
44507
243642
243641
40024
13828
68943
85975
9443
54796
9442
12991
12992
12993
12996
41735
41731
29537
37711
24004
9805
78500
29021
29026
76545
169271
169270
26314
9438
1340
1341
136473
1344
20037
6929
6928
6925
15415
15416
6926
26747
7713
7712
7715
50751
7717
12288
92457
35214
50289
8376
60591
8373
8370
229411
8378
8379
119670
67930
113468
28951
24428
24421
22443
155729
22110
155722
26355
86301
26357
344000
26359
26358
119711
86309
24873
13710
24870
13716
19421
3973
19422
19425
19424
3979
19428
23269
21805
94266
75818
3621
3620
21807
26559
98020
4281
35418
11410
11415
21042
55562
6885
16298
13999
16291
6883
56032
56036
56034
38894
17472
6881
17474
17475
38893
4479
13360
13361
4473
13364
4477
25469
13824
80229
20177
24848
24847
49033
46752
24841
24840
20168
2467
2463
45231
20163
134291
20167
3416
16870
16877
16876
16875
16878
278536
6313
6310
12140
12147
12146
12145
3412
8146
190447
42616
90027
166946
36999
9656
29239
9304
53623
125198
9303
54934
18870
18873
18872
37024
18876
63133
21749
62846
8963
105484
49225
6440
8966
8965
16846
44729
80912
26913
26914
1647
1649
1648
228537
47619
386
40340
40341
573
83070
9457
83076
18295
24210
24215
24219
2807
2805
5433
5436
3364
14733
28544
3360
28016
3363
30271
109958
34227
30278
34228
13962
13963
136511
35179
13668
171548
35174
13969
18123
5551
5552
234620
38245
15572
10668
14341
85894
72929
4867
13661
34591
131929
30091
6776
6777
35311
13665
51415
23181
51417
23639
51411
23184
23635
23634
23637
23636
51418
15064
6556
15061
5873
155119
155118
27747
27741
27740
73745
32252
585
41003
22324
32254
25671
25670
25676
25675
90038
23983
23453
23455
23454
23984
27299
27293
27291
27290
76956
27296
9887
9886
7506
354
9883
9882
351
206000
359
16604
3759
16600
16601
16603
16609
55919
61187
12772
6122
24811
6128
22589
22584
22586
22582
3751
124014
15973
10951
10956
15972
21174
21175
21176
21177
21170
21173
16468
63726
24980
15520
13150
141222
13520
25580
154468
4630
25584
2259
2258
26162
69092
69763
2253
26167
26164
21350
21351
24180
21353
21354
205430
21358
52491
22919
16722
16721
4800
2784
2787
16720
2781
2780
2783
2782
4094
184986
257
2079
10601
11601
9460
11602
90233
2071
19916
11609
11608
190633
11959
11958
11955
18465
11951
18461
17732
17731
98591
62458
62457
27988
5735
70383
70382
70385
5734
60630
9793
9791
9794
5731
21296
14383
14380
14387
14385
14384
20403
20402
20400
97680
48400
54706
957
11313
5738
23588
44075
146247
51136
133921
85950
12976
12977
12970
41755
7081
17908
20424
7089
7088
123486
20426
37921
7585
94466
100111
15385
8172
9804
8176
15383
79654
19124
15389
9802
7131
6949
6948
9801
26927
15473
7583
6947
6946
6945
6944
50730
26764
26765
26766
92470
730
26762
26763
17906
126054
8398
34788
8394
8395
8397
40406
40403
21235
4399
24403
24402
24401
13299
4390
4392
4393
8900
4396
4397
473
476
474
3190
28971
8200
22469
14558
22465
22464
22463
22460
13737
4027
13735
13734
13733
81407
4020
26378
26377
26376
26375
13739
4029
11380
43277
55762
44503
19158
19408
19155
19154
19156
32523
19402
3990
56581
44054
1652
43182
44058
93431
23844
23842
23843
23840
26475
101169
257020
118121
27176
15452
257021
17668
140094
56059
56058
69373
60131
102849
36201
25449
25114
25440
25441
25442
25111
14999
42580
253556
64299
64297
2448
2449
124590
40358
7864
40609
7861
8093
7869
188983
42631
12523
16811
16813
16812
16815
16814
16816
6370
6371
6372
6373
12125
12124
12127
12126
42810
10413
10412
70716
24206
53358
50350
9328
2836
9322
9323
9325
21729
8940
54956
8947
8946
8949
21725
18852
45204
24659
62868
84050
26970
20093
26977
26978
49417
28559
80974
80976
1991
5183
5180
1992
1995
5187
5184
5185
58183
1628
22185
3399
59850
48095
10369
47958
9183
22760
28556
40369
22761
40364
2869
3536
551
29966
553
14710
24239
14712
14245
28560
14715
28562
14241
24230
24231
28568
28569
24236
24237
5458
182040
1191
68594
5454
5455
5456
5457
358868
175319
30526
30521
30520
78711
4251
13941
13943
4255
35156
31692
28692
5532
5531
28691
5539
5538
18145
18146
103402
3668
83724
186722
143511
4260
89545
31341
73759
51472
23619
23618
23611
23617
47324
23614
15043
6576
15046
15045
15044
15049
6579
42148
27764
7695
7691
7692
7693
25940
25945
7699
74710
23474
23473
23472
72412
7522
35336
145325
7527
92319
15418
7528
7529
35848
19366
19367
19364
19365
19362
16667
19361
16668
6143
14865
12715
135624
18549
12718
6148
6927
14647
10971
10972
227531
16171
25617
26493
26490
60835
26497
26494
16177
21112
21110
18898
21116
21117
46497
16486
16484
16483
22704
50757
22700
75994
75999
75998
308865
2275
162245
26144
26147
26148
81348
119524
5542
11592
42938
49770
46276
10287
38420
79826
17280
17287
17288
10503
17533
2053
10502
13449
2054
13445
2058
13446
4533
11623
10629
7984
7987
7988
7989
10626
10627
11979
11978
21412
8599
11977
63268
24170
20648
153230
6005
17750
164970
118926
13199
13198
13193
102385
13191
13190
13197
13196
13195
60655
128043
63872
152729
48139
20399
21067
20393
20392
203155
34944
19870
48137
20466
229410
10084
67022
67023
67024
10081
18444
18445
19874
9311
65779
18448
12954
12955
12956
15671
12953
15678
72854
7067
107675
7062
7060
18620
18625
18626
18627
18628
18629
223945
12482
15907
12480
12481
15902
12487
6967
12485
248743
8627
15908
8151
40797
185234
92419
67681
50718
24395
24394
24393
20894
26700
26706
50715
271701
24398
140719
176597
17215
61684
40427
9989
9985
9980
9981
14504
11027
66085
14503
14502
11029
11028
414
21441
28731
28222
266844
23285
1382
28224
95991
172578
40092
43214
86340
43218
24429
11365
11363
19178
181564
51592
19177
19174
25910
94222
94223
130319
19281
33789
19285
23869
19286
19289
23867
118144
23863
27154
27155
27156
25134
25135
25132
25133
64106
1778
8801
22114
74459
25425
80770
116245
6689
75851
98066
82550
6682
6683
2422
99224
74487
16835
16834
121387
16832
16831
32109
16839
16838
12105
6355
12102
12109
30872
98288
56070
98287
98282
97595
9616
9617
9614
9615
9612
10169
169005
10167
10166
86303
10163
10162
10160
46685
21256
21250
168998
21708
54979
1817
1810
14881
14882
54973
1818
41219
41218
141077
48308
68809
4039
6071
26950
14080
14081
14082
14083
14088
1608
68021
3222
59806
4001
13278
24547
2846
2847
2844
2845
2841
3322
5475
5473
5470
3327
28509
14261
14262
45886
20077
20074
20075
20072
20070
20071
19423
79020
123837
321
16785
83855
18167
89700
18165
89704
89707
20955
14468
20954
5518
5512
5515
5517
5516
183553
87634
34089
29903
14463
23671
23670
23673
23672
23674
23677
10757
66411
27703
150964
27704
27706
10796
15029
15028
1905
8702
15021
6511
6512
15025
6516
25968
73708
29632
29637
29639
31109
9362
73871
78864
3813
170671
23498
3814
32487
23495
23497
23496
23490
23493
23492
111762
8451
8450
92335
92336
34319
39153
39158
114192
7549
35866
7540
7541
7543
7544
7545
19348
19349
51908
117424
16136
16137
19347
16132
79511
19610
19343
12732
6162
6164
6167
50878
43494
13854
86081
56682
60819
84815
180399
24613
25639
25638
25635
24618
21139
24948
24949
24946
46477
24944
24945
21134
24940
21137
119540
6139
22724
22725
15460
22723
43535
43536
31815
2215
81364
67787
31819
28292
22599
6131
406905
406904
97670
46212
46213
46216
6137
41977
8522
106256
17512
17511
17517
17514
13468
25097
25096
4512
4510
13460
13467
4514
4515
11648
235622
11642
18204
11647
17777
5288
17775
14968
17771
17770
18202
105504
5284
5287
81941
27948
37382
20663
20662
20667
20666
27944
7008
21392
21393
163177
21398
20914
27493
45746
45743
20440
27498
122825
20918
92530
113813
43593
194203
11911
71619
33423
11912
11915
10244
17471
7006
12932
12933
13703
15616
12934
12935
138897
12939
5326
10205
10202
7040
7042
37256
10209
147887
18391
18392
18393
37964
18395
37742
18397
8609
15928
15929
6989
30990
6986
8601
8606
8607
8604
6980
26720
39369
26723
26724
26725
50262
26727
26728
26729
50268
39367
14694
2989
24379
24378
14692
2983
4475
24377
14699
2985
219968
157351
4476
180495
40443
4351
28243
151178
28713
14525
14524
291561
14528
79344
438
234217
433
11344
11345
11346
11347
11340
50992
50993
23259
96338
19110
19113
19112
19115
19114
19117
19119
32878
5706
96333
5700
55019
5702
5703
91528
91529
155079
103612
15565
35475
35476
107826
12457
28860
4299
30960
23808
30963
2240
6423
23804
82719
6892
49031
27133
120291
82717
25401
25150
25151
25155
12459
6429
6899
16584
16583
16582
16580
24195
74478
21342
42019
12694
323523
21897
21896
21895
24196
10834
39963
39960
5356
39968
32121
21094
21093
41255
21091
21090
16368
21099
173742
173743
17188
26264
3402
3056
64122
26262
17186
22924
9368
9369
9367
22925
20166
9361
49182
8987
21270
21277
8980
21275
21278
75963
3799
1837
1834
1835
81006
4982
4985
4987
4986
4989
45241
134547
1955
1956
1953
1952
14067
14065
1959
3249
3248
106061
3242
40804
13255
59813
13250
18985
18987
4879
71407
4878
1482
62203
3308
3306
5495
14200
3305
3302
3303
122458
104932
20059
20055
20056
20057
48580
40145
83897
6316
174809
132277
18188
256940
18185
167020
87651
29383
29382
34140
15568
29388
29431
29433
29920
126229
47671
43443
14561
23659
23658
23656
18021
23121
23652
23123
23650
15555
6537
8293
6535
6532
6533
81649
30382
30389
27722
27721
27720
59368
25984
59366
206601
25983
25982
31166
18028
31165
11048
91951
91952
3872
239018
3876
108606
88989
8475
8474
8476
8471
7566
19769
7560
27513
126734
24583
24581
52712
16659
35805
50034
35806
32608
19329
103807
19320
19321
88188
19325
22298
22528
22529
22294
52968
88671
22523
22292
22293
13896
4165
4163
4162
26458
4160
26456
26457
26455
26450
26451
24638
10437
24635
24637
24633
18871
98385
65311
46185
26187
26180
17353
26182
22743
26188
22747
22744
43552
43002
2230
2234
31833
19634
19909
19631
16112
19633
93002
17571
17570
17572
17574
17579
41958
41959
2097
4573
60257
42795
34120
11667
11666
11665
11664
11661
11660
223
75849
11669
46454
24965
24966
19904
24962
24963
128887
104691
104692
104693
104694
46459
104165
27920
27923
20605
27924
20607
17794
17797
17791
45189
25215
25214
25216
25210
379298
60696
25219
8961
260758
104031
5740
74314
118217
5742
20933
155990
20931
20930
23597
48463
83957
39731
39730
7369
11303
7360
44584
44586
7367
3
11937
11936
11935
131752
33403
11932
11931
11930
15639
70411
27233
30179
15631
12912
27232
12914
15635
102038
15637
8121
6134
7020
9002
33273
9009
21516
24037
21514
21515
37230
24033
21510
20437
63340
63347
84607
37728
84604
15713
17918
54780
25199
37724
9831
15942
15943
15941
15946
15947
15945
7799
30909
7791
7790
7793
7792
7797
7796
24359
24358
66338
24352
156
24357
24355
76323
164310
79186
52692
1034
40461
284991
51106
4372
4373
4370
4371
11069
14541
14540
28264
14545
28261
14546
15494
15496
8663
8666
15493
17892
15498
4082
143993
22570
13798
73131
289619
31448
93764
11323
89444
11321
39920
11329
238557
91895
103635
19138
19137
19136
19135
5721
5727
19130
183030
61646
127145
214613
32708
35497
60995
23356
23821
23824
28845
47111
11492
11493
11494
11496
27111
27112
27113
27114
8081
27116
109122
82778
8088
8089
22199
22193
22191
22190
25173
25175
42565
19796
28820
16565
16566
16561
16562
6648
29495
6646
12676
12671
6641
12673
10813
10811
166851
10817
10816
40619
116968
10819
23373
56522
213444
7802
21568
57127
15214
32149
19868
21078
139796
21075
21074
19862
21071
21070
82759
245938
245937
6393
6390
6397
2502
60193
26240
69314
26245
250597
250596
26248
63420
34355
9203
125115
4135
21211
21210
21212
37531
1851
84032
18298
3842
4969
4968
4966
4961
14044
14045
14046
14047
14041
73156
14048
14049
1933
84295
58169
62593
62592
1934
58162
5120
5121
5123
9191
94628
7237
106045
116033
158763
28010
17176
13232
36918
13231
13237
13235
147383
14957
14955
14224
22829
14226
9196
9199
28540
38715
38719
51280
27533
20038
115607
4816
17179
20036
30542
20034
10370
34226
40129
85811
85810
85813
85812
157782
85814
85816
47477
20436
15797
6884
15794
6882
15792
6880
15790
22792
6889
99621
99620
8269
59690
29419
40694
29416
40872
605
606
601
79790
4272
23101
23100
15573
59341
15085
59435
30819
15576
15574
179908
8101
116175
8273
30810
26884
26887
95093
26881
26883
26882
78773
16545
91973
72301
55448
57421
1357
34668
131740
133920
92379
35824
7588
35394
9809
9807
9806
44829
7587
9803
7581
7582
9800
12653
66103
6232
22504
22500
22501
22502
6666
245548
26474
257023
26476
26477
26471
26472
26473
26478
15391
20431
86049
69818
4149
4148
4144
4147
3856
3857
24658
3855
11824
24656
24657
38954
38955
22762
22763
214399
22765
22766
22767
22768
75934
65370
50723
1062
18550
35533
58959
51975
117499
185173
19300
55226
19303
16176
19305
19306
19655
104361
5917
19659
5911
5913
5912
63622
17228
17557
17556
17227
19845
17551
63621
13428
13426
4552
15420
4551
11689
11685
11681
248742
11683
11682
27304
27307
27301
24907
27303
24909
27309
140712
344835
45168
20629
52402
20625
20623
20622
20620
25233
25232
25231
25237
25234
25239
25238
7264
8863
16796
16797
16795
32707
74330
16798
16799
6077
14989
12085
166742
12083
12080
6070
24166
6078
2617
20489
20488
2610
20487
20486
20957
20956
7344
7345
7343
7340
150449
10024
10025
10023
21685
9238
21688
21689
54813
12335
12330
12332
29823
17933
32843
174700
113819
9029
10242
9024
10240
7004
7007
10245
37252
18683
18680
18681
18686
18687
18685
24014
24015
51416
24012
24013
22888
22881
22880
22885
22887
23638
29880
742
743
744
29885
29886
29887
29888
749
24335
24337
168748
2944
2943
2942
2941
1050
1051
5355
82244
1058
1059
5359
30156
30157
171480
4316
77300
209688
33825
14566
18024
18025
11043
18774
280370
89687
18775
230018
11049
18029
46156
3119
3118
26225
3110
15960
15961
15962
26227
8648
8646
8647
21945
21236
35706
282156
50953
23590
23592
5743
23594
23595
23596
5747
5748
23599
66861
66860
319088
21940
103650
27683
21943
51571
21942
25826
25824
25825
25823
25821
51896
143290
25828
156049
145668
66711
66712
23375
101651
23371
28826
241292
61590
61591
15212
15213
15210
15211
12733
82027
15218
160046
18197
37184
22452
22453
194032
16549
200811
16091
16542
16093
16540
16547
16097
6662
6663
12651
12650
12657
6667
6665
116944
19847
19846
16325
63993
16323
19512
21053
21052
21051
21056
21055
257927
97287
26229
43904
86908
26220
2376
64163
2370
2371
81592
26226
21237
46374
21947
21234
21232
21231
49676
21949
21948
21238
1873
98191
23981
4945
209305
41859
4940
172111
41854
79942
79943
2118
57105
13296
199630
9336
90550
15393
14023
14025
14028
14029
11395
17054
17055
17052
17053
17050
17051
5103
5100
5101
5106
5107
3281
5105
186337
13213
13214
13216
25885
106023
94646
186338
13702
14326
53688
36424
10493
14799
880
14978
886
885
33619
27297
14976
14793
14970
87191
14797
34864
20011
34861
20016
20017
38733
38736
7504
356
40108
39110
14459
20943
36643
36646
36647
44622
346314
7502
242381
47452
255435
47456
36082
41679
262928
48728
15778
15775
15773
15772
9582
29472
29477
5109
17989
275927
171251
8255
8254
8253
8252
1263
1262
665
3288
8259
1266
1265
1264
30838
30832
34391
30837
8786
15517
77845
29696
3282
5104
1916
91919
8433
34135
34985
8437
34984
34139
60710
35731
9820
9823
30358
107309
44845
44844
23163
217579
22560
22561
61123
186339
127131
26412
26413
26410
100792
24670
24671
4128
24675
24676
24677
4123
4122
76234
4127
4125
4124
32420
5688
50867
5681
13865
5682
22788
22786
13863
22784
38939
22782
31000
92938
31874
50860
39221
50861
92937
23785
23784
152388
23786
11519
93044
23783
23782
11516
11511
11510
27095
27094
27097
5978
27090
27093
16150
19671
5971
5970
5977
27098
51210
17209
56779
69293
17203
17202
106237
56996
19123
25781
25780
25039
25786
25785
25784
363761
25031
90961
16145
128512
218000
24928
27325
24920
24924
14792
2584
134640
270037
19125
45144
25259
30815
6158
25250
25255
25254
36090
42241
271928
134494
42249
26614
6059
16286
6055
26616
6053
99122
10007
2638
10003
2635
2631
2630
2632
9599
9594
9225
9224
9222
34419
9220
24289
33112
212872
33118
16467
212879
12358
12359
84178
16469
12351
141179
24069
10264
24068
70450
14056
9043
9042
9047
42868
9045
9044
24078
3547
68451
68452
21552
21553
21551
24076
3549
24074
21555
21541
20974
20973
20972
20971
20970
36215
41449
20979
26783
768
26786
2960
26784
2962
760
761
764
44459
24316
54299
24311
24310
1078
1074
1073
5373
5372
13004
30130
13000
13003
30135
20490
13009
31264
4332
3137
33806
54124
151483
54129
18007
37851
151485
18003
398231
27526
27521
76587
27522
17855
17852
17853
17850
22897
225488
15988
15983
289980
31401
31403
31402
51518
23574
23575
23572
23573
5761
15186
111392
61608
26168
27040
23242
89474
25807
25802
12446
66730
8193
8190
44448
42043
30975
256547
15322
23311
24852
23314
12443
12518
48858
12515
12441
15230
15231
15232
2252
7427
7426
77180
92580
35720
2251
29235
92235
35728
27004
24182
24183
42529
6602
24181
12635
6607
6608
56561
56562
24184
10851
84954
18556
21031
75173
21033
121308
21037
21036
21039
21038
19539
19538
22045
22044
22043
65721
65720
65723
65722
22049
12182
12180
26201
119933
26208
18554
43387
18273
2352
2350
2351
2356
5368
21962
4572
49129
21789
21788
46607
21968
17690
17692
1899
17697
3736
3735
3730
4691
13581
13582
13583
2133
4925
2131
13588
13589
4929
4928
250083
11726
11727
11721
96802
5161
96800
96801
5164
96807
96804
5167
14000
14005
58120
20781
2786
17078
17079
172050
4804
62550
122654
17072
17073
36407
36401
4777
143921
60776
24207
53800
9690
174810
58389
14919
14913
58380
58387
101816
14915
34801
134192
48529
39895
668
11607
31299
9461
202920
52778
1792
10605
138959
662
102450
12155
6840
15757
15756
24498
40381
29328
29457
40388
29454
29321
162004
8233
6591
6593
15533
15532
78944
8234
30859
30679
76441
109800
15538
95055
15510
97110
59475
19102
7639
48945
7632
31678
86490
86491
7634
15514
37133
18466
319980
319981
20284
47436
47438
34118
34119
33126
19025
9847
100404
100407
100406
107369
9849
9848
19027
38115
19026
19753
16032
3093
3090
3091
1244
3123
28495
28496
5817
7616
212214
212215
22548
16217
25819
22237
22542
16215
3127
31096
4103
4102
4105
73692
26431
26432
26433
26434
26435
8659
7135
9646
24696
29224
24694
24695
24692
24693
9312
4433
9643
17611
3893
3890
38910
38911
38913
56170
31899
289979
33064
220752
13508
11539
11538
5954
5957
5959
11532
18316
18865
11537
11536
11535
103533
61413
153
25019
21752
52414
25012
46163
128825
128827
128826
1455
27349
75974
75976
27340
27342
27344
25270
124362
93362
25279
25278
154
22865
286572
286573
286570
286571
11790
52452
97369
52456
97365
6037
51561
107567
10060
9206
10064
9202
199460
10068
10069
70617
2656
7388
26907
63018
13451
28470
12371
23566
12374
255137
12379
255138
52413
54850
141157
21562
9062
9065
9064
9066
62188
10282
10281
21570
21573
21574
21575
21576
21577
21579
274775
3566
22848
17483
22845
22844
22846
17489
22843
20999
13390
21560
13399
15332
2903
2902
44478
2905
2904
2908
700
701
702
703
11883
11881
14614
14611
14613
76611
20197
106612
20192
38675
416062
5317
5316
38672
102056
13026
30110
30447
31799
108545
31249
3215
125665
17874
17876
17877
3157
148
17873
54141
18063
11081
3158
17879
132370
27502
62059
20224
27508
94512
83312
83315
83316
23557
23553
23558
27645
27646
6464
27642
27643
27649
23085
186574
25869
25865
23882
23331
23881
23885
23339
23888
23889
74961
74962
8574
82060
34561
8571
34562
8578
23214
344322
15258
12579
344323
12572
12570
15251
15256
69873
15255
26411
39232
7404
39231
92217
39237
19083
2815
19081
19080
16059
19086
16507
32214
16057
19088
116965
18059
22681
12618
2811
12615
6625
259717
2810
26597
26596
69446
26594
26590
12773
158183
100349
26599
26598
24735
24734
24737
24736
24731
24730
24733
24732
23306
29954
19559
19889
217
29952
19887
19885
22062
119405
24673
22068
13625
124802
13627
13626
2334
86944
4713
2339
81268
257216
25488
18285
14703
25482
48868
43417
135238
14701
3713
3712
21901
21900
21903
21902
21905
3718
41815
17678
41816
17676
75700
17673
7434
43672
2488
43670
13564
13565
13562
13563
13560
13561
57149
7437
15650
57636
11705
11706
11701
95293
77197
105646
5144
7433
5142
5143
120855
52668
20767
17010
17016
17017
94680
17015
36462
15354
38546
102915
8984
7954
7953
210598
9169
15353
74420
7950
28576
9164
20509
20503
20501
20506
20505
7247
7246
7245
7242
7240
83813
36685
36683
10346
42105
17168
9163
15351
6822
15732
15734
15737
15736
6828
6829
10545
10544
10547
10546
10541
10540
25598
15350
80722
10548
78424
288333
30541
178305
29301
16088
29304
14930
54623
18909
8812
333483
37335
18276
10403
96479
18901
18900
18903
18902
8218
59454
8749
8748
8211
15086
8745
30658
8743
109825
8741
283451
7650
7651
7652
7655
7656
7659
334146
25530
6961
319968
142318
53957
47410
252124
115227
31131
10748
83108
6498
35881
35884
86167
9861
9860
9862
9865
9864
9866
11146
14427
11144
14425
11143
185157
14428
24501
1519
28685
1516
18139
77551
26404
18433
53554
13816
13814
13815
13810
13811
19678
19679
28168
96213
18864
27096
91265
19545
103735
14662
79482
35556
56489
73418
9180
190193
11552
11830
11557
11559
118629
51251
32689
32395
22214
22217
5975
22212
103881
22219
87950
87951
25071
25072
25074
25079
183841
21047
19855
27367
27363
27362
27361
21043
27369
27368
16338
56153
194112
57284
194114
21478
25296
25291
25290
25292
16266
16264
14991
17205
265
55822
182397
269
17204
4519
14997
6010
130138
6015
6014
6017
6016
14995
17749
56731
17249
8878
17247
25787
17245
21473
17241
97305
10049
25631
104701
982
24115
244168
986
987
984
21474
49590
173535
21477
25034
24837
18960
63037
12396
12394
12395
12392
12393
69166
306975
26011
246873
26018
26019
9089
6567
9084
21598
16309
21597
46816
223457
21592
21590
21591
98878
5089
5088
5083
5082
3502
22860
22866
5085
158722
199442
86295
2675
2674
2679
2929
24684
2925
2926
23626
14639
5335
5334
16771
18592
18593
18590
18591
14637
14635
14634
27323
79102
38655
36146
36143
13041
13040
13043
13042
36149
13044
70493
18737
33517
18735
18045
33513
24406
33849
18739
65358
15075
91011
62077
3171
3172
15073
27563
27562
20245
27564
27567
24925
29790
29791
29820
29821
137872
29824
29825
67136
40758
728
129195
21956
23531
23536
23537
23534
1163
118451
23539
66517
21954
47998
2035
27623
27620
27621
27627
27628
25840
25841
25843
129220
25848
97941
97942
134392
29178
101241
191990
47197
47194
28754
27198
27199
12804
8008
12803
65899
8005
8007
8000
27196
5257
105819
39211
35192
92272
17686
39218
39219
35768
28842
7467
14190
7465
7464
16079
16078
16073
19711
16070
16076
22664
798
22661
35190
22662
10893
10892
26577
26576
100360
26573
10894
24713
24716
24714
25256
65271
23999
42242
39535
141308
22002
4935
13602
77769
13607
4737
77762
2314
13608
2312
4024
23449
13732
17655
3771
17657
17652
3779
17658
17659
13544
13546
17389
13540
13541
17383
94332
13549
58451
57170
43694
16383
19573
16384
96798
96799
96796
96797
11760
96795
11766
11767
11764
11765
97449
20745
20746
20747
17034
52133
17039
20748
20749
24500
102
97889
14336
14441
14334
11738
21926
21294
21297
21920
21299
80112
21928
20529
14448
14988
18349
10388
163726
80373
57050
44646
7267
14018
16929
6116
6207
6200
12230
14339
12239
12238
171452
26992
41692
41691
6802
6800
6801
9744
107710
29364
32526
19404
21431
24150
21433
21432
19151
21438
63203
33679
18929
18928
8839
8838
112229
18923
18922
18927
18926
8833
8832
59928
19376
15791
9226
26805
26804
26806
26802
37176
212031
37171
226658
333751
18743
1754
310712
13510
29588
24524
24525
8085
44738
24528
24529
50090
66188
1287
1286
11169
28365
14404
14405
14406
1289
1288
14402
30362
94493
34376
94949
34372
8762
6154
94941
682
50897
12877
13830
13831
13832
13833
172044
13838
13839
12709
201602
233012
85985
5627
85989
28182
5620
234778
8490
31017
31014
111948
259944
35203
35202
35204
28986
28987
5997
23276
23271
11579
188768
11576
13877
5999
5998
11570
51278
19381
23841
22276
5730
25729
95232
25059
43869
120421
25056
25055
25726
43862
300242
23848
26489
97146
6782
27389
6786
46120
27384
27387
117792
27381
27383
56132
73385
27175
14900
56138
76957
11005
247
55806
16718
16719
19965
16246
55808
16240
16241
16242
16711
22496
22495
22490
12003
12000
145969
26380
26381
64608
31498
17002
9248
63053
31499
85815
121554
9240
95782
20574
9532
9531
57406
51859
26667
21608
16499
7495
24890
24891
45479
23012
26038
64934
26034
69184
167298
270050
26031
24094
24096
24090
44782
5739
3546
22801
3527
22803
157063
22807
22809
46876
3528
116115
116117
38511
38513
10716
90676
10712
2698
2697
2694
2693
2690
14650
14653
14652
14654
14656
16245
24077
24075
25446
13067
13066
13065
13064
13062
13061
13060
13069
13068
63104
36164
102765
108589
18718
18719
51857
18715
18716
18717
18711
18712
21602
17838
17839
20264
27542
20261
144381
27819
17837
4014
154820
83603
40773
40772
23518
23519
1147
1144
23512
23515
47200
27609
27600
27601
27602
27603
27604
27605
44453
39586
47077
31756
31203
29117
31200
79526
15313
76216
66313
27039
91699
88559
88558
8022
8531
8020
8533
8026
8027
15290
8025
154916
154917
26634
26635
26633
7449
92526
26639
61497
378265
15768
15766
22643
22393
22395
22646
22645
22396
13993
77298
77299
26552
26551
26556
26555
24779
24778
28641
28643
28642
24771
24770
151575
28649
28648
126490
22027
22026
22024
22023
22022
37871
65215
22029
22028
1306
81512
4758
31978
19342
43458
4750
13660
13663
13662
43321
13664
13667
19771
19770
32253
16012
16015
16014
16017
19776
5878
5879
17632
17630
17635
56859
17639
5370
2190
2192
145005
2195
4634
13529
22902
11740
11741
11748
11749
1301
13007
19599
19598
19595
19594
19597
19596
19591
19590
14730
20726
20895
20725
122946
13298
25557
60799
25555
13292
13293
13294
25558
25559
26298
13651
185640
185641
114154
4765
42324
42492
2730
225960
20091
4766
41367
134410
4769
57094
9185
9182
248034
83859
21520
99531
10360
9188
9189
16903
16902
7209
16906
16904
26294
7201
7207
7206
298227
97466
12211
12216
6225
42140
6229
15843
15842
57507
12678
15844
9761
9765
9768
9769
10505
10507
10506
21413
37370
21411
18942
21417
21416
21415
21414
18949
18948
24179
24178
62796
803
8852
8851
323692
8857
14588
59949
11240
168685
26829
168686
13450
26823
26822
26821
40091
40096
40094
53350
69063
5278
5279
15507
41144
108297
16182
40549
83144
54881
5803
91761
18361
18360
18363
11941
37998
168530
1551
62134
1553
1552
1555
3039
17991
17990
1558
28342
3032
30341
30340
30342
15595
15596
15599
15598
16027
30618
13850
145580
13856
13857
238452
13855
13858
19254
31569
5607
5600
5603
27999
19252
16757
91224
94349
38379
16755
91229
17062
19928
29259
8941
4648
35590
35265
17061
63269
47013
23250
23709
23708
23254
23707
23706
23703
93590
155640
15337
6427
6421
12453
30962
27015
27014
27016
48841
30968
27013
194686
22259
73670
23668
22251
22252
25708
151986
37551
25701
25700
55796
23669
115917
6769
6768
17066
98618
6765
115918
6760
9973
56449
9978
16732
16189
2971
12025
16228
16229
12021
32063
16220
19906
221
43846
11792
21627
21620
21622
21623
101993
21628
21629
152452
219866
147643
204677
5765
137085
5762
65222
349419
349418
26059
43153
26053
26051
26057
26054
26055
46507
46500
135958
46509
17174
84393
208560
75089
17170
17173
25042
5043
5040
60476
23258
94100
94102
38576
38575
10773
10770
9510
9513
4150
10876
14852
14851
18888
18889
190164
18884
18885
18886
18887
16260
18881
18882
18551
38619
38612
62300
23172
83446
13088
252426
13087
13083
0
13156
10058
11439
36105
5182
18779
18773
18771
18776
33885
33884
27833
33148
20289
20285
5186
20287
20281
20280
20282
39625
39624
10195
84582
10190
10191
156607
29759
10198
10199
40937
1121
68816
68817
1126
1127
25884
185639
334982
25883
15104
29133
29135
18080
18081
31776
8517
8042
8515
8510
12593
8048
8049
59853
15319
8518
8519
26073
177867
12840
2523
35907
44904
44906
26617
26612
26613
23064
23066
23067
66229
23061
24281
24280
89488
47228
126651
24287
22625
16341
214743
61792
88280
26530
26533
26532
26537
26536
52822
185078
52824
52826
24755
26424
24752
24751
24750
23414
28663
23391
28888
28886
23399
16343
4776
13646
13645
13644
13643
13642
13640
26287
26280
24238
14247
5818
114291
14713
32278
5810
19756
19755
16034
16033
19752
19750
17618
60705
54500
14240
17349
17610
17347
17344
14717
17615
17616
17341
4619
4618
4610
4613
15233
4615
13505
23934
23935
23932
104026
104025
23931
57651
7425
24235
27226
27227
27224
7424
14248
27221
45539
140612
51155
35721
20709
2706
142
7421
20700
20877
11200
20875
20705
20706
10359
47002
25575
25576
25577
25571
25572
25573
139206
16690
16695
16694
16699
16698
80151
10689
38803
2712
2711
9178
10699
7220
7955
7222
7225
7952
7951
7226
10691
95424
10692
10347
9161
7959
7958
16962
16967
121296
6249
14430
52682
12271
12273
12272
12275
12277
12276
53225
123523
53226
10522
10520
147270
70372
9708
9709
121745
9701
9702
9705
21479
24118
8873
8872
223779
8874
14994
12630
8879
18966
18965
18964
18963
24114
24117
24116
12632
825
824
141708
26841
26840
44577
26847
6977
26849
26848
88200
8161
6374
12495
15442
5252
9573
14199
1716
5255
14192
68648
5258
149496
14196
12268
14194
15821
15820
15823
15822
33312
15824
15829
15828
17435
40215
28414
11121
14442
11123
14332
14333
28413
11128
24562
24566
24567
139
6250
4972
17970
97493
8729
36745
30369
34330
8720
8723
8722
34990
34335
8726
114881
238302
76999
110769
14439
13870
13871
4183
13873
31540
31011
23798
188146
34190
103028
17431
54232
26718
22053
130921
14834
23729
23728
19844
23235
23726
23237
23236
6402
10
12471
6401
15316
15315
15314
150835
43678
30949
12478
8182
17433
7765
7766
7760
7761
7768
33366
3906
3902
3903
3908
353
6745
6744
6741
6740
6743
6742
32590
125054
19535
9717
352
92998
35244
221043
73925
9953
35248
19256
200
16202
32186
16756
19925
16206
16207
16208
16209
16758
16759
21468
117288
12042
12043
12040
12041
12044
12045
12048
37709
56797
119811
21462
25763
25762
148942
21463
81493
24100
21642
21864
21641
21863
21644
21645
18974
49539
345294
21868
18975
219809
22999
46257
3655
3651
3652
26070
2524
2526
2521
97737
26076
2522
12183
2528
167259
22048
11465
11466
4192
25020
11469
5066
5063
5062
2500
5069
5068
7452
116154
17409
17408
17155
17154
17405
17404
98890
159432
25186
13319
40417
13316
13310
928
9572
9571
9570
104760
9575
9574
920
921
10752
36746
10756
113051
58798
5392
11808
5396
5395
62323
11803
58791
14833
112900
11807
11806
14837
33714
45293
45291
45290
332141
20115
20114
11933
75904
43454
26855
44748
125454
133313
133312
23987
21410
133314
27589
17049
27583
27581
27580
27587
27586
27585
6577
39603
39602
99769
57917
6574
783
18574
18570
18573
27761
15124
15125
15127
14846
15122
15123
164005
15128
15129
127241
39546
15330
129286
7155
21964
7153
26982
26983
33577
37655
18754
18755
108899
27856
106999
12864
29613
143073
8069
8060
30009
23297
95243
40663
7489
7488
14841
26678
26679
50338
50339
154952
26673
2897
26676
26677
26675
23002
74332
23000
23001
1451
1452
7072
23009
66206
28062
129827
13592
22607
22354
31546
22604
23475
22353
22352
26906
17699
26514
26512
26511
3831
269841
7630
14966
13134
28609
15920
38231
38232
6906
13580
73556
15834
4922
122894
2134
130594
4692
35658
4799
4794
4797
35650
4792
4926
5835
89208
11259
268244
11254
13587
11253
15031
18579
4699
19009
19003
32922
55673
32927
32926
32925
19004
393934
56636
11784
11785
11786
11780
11781
11782
11783
25374
11789
25370
25371
51177
43658
23915
23916
23917
23910
23912
27208
27209
27207
27200
120233
86858
76030
26304
25512
25513
36354
33973
21983
21982
21984
14302
21989
74654
17364
17366
17367
18358
17368
17369
20208
5160
10323
96803
10329
4891
2773
2774
9498
9499
16945
16944
7979
16410
16412
9490
96806
9146
191117
9497
12254
231955
269472
96805
12259
42181
17092
17090
17091
17096
17097
20852
17095
17098
9726
9727
9725
209687
53209
7525
1047
21457
21327
24134
21453
24132
46953
27451
14007
21329
21328
24138
847
3465
19145
3463
45963
22987
37402
32747
8892
849
32823
20581
20586
41986
41329
20585
249962
20589
207525
7154
137158
26869
40059
26867
17962
26865
26864
40052
44000
1584
247967
17075
71955
12424
68668
5230
5231
1732
157761
5237
13122
15806
15805
15802
58827
40275
3070
3071
1597
1596
1591
14319
3078
14315
14316
14317
1599
18324
14312
27446
27447
87077
17958
20322
91158
20320
20321
62173
17957
8721
20328
19676
59989
115735
21944
59984
83988
26166
23724
31523
16717
31524
60777
5643
12368
132501
29074
29076
29070
29073
40583
83186
23217
28295
23745
23212
23211
23210
23218
27050
27053
109207
87400
109202
27056
27059
485
8061
483
482
481
6468
15371
15370
15373
15372
30925
15374
59232
6467
7742
7741
50783
50782
95386
28158
50789
11611
3922
3923
19492
8724
3926
19495
19497
19498
19499
7828
6723
6722
8305
104958
161376
6726
5657
6729
6728
16710
39064
9070
9938
27147
9931
9930
9935
9934
32718
19279
55535
16770
14916
32716
16773
16774
16775
16776
19273
22166
22164
97381
22162
22163
6091
6090
7800
6094
22168
22169
61692
100067
49344
69258
263919
25749
25748
26670
34807
49518
21669
21848
24838
20932
21845
21846
24835
21664
24831
3678
21111
3673
2892
3675
2542
2540
21946
2545
23003
26095
26093
26091
11443
11440
36217
11445
11444
57755
11449
57756
43116
23007
3582
3583
3584
3585
3586
5004
3588
17138
6045
17423
17422
17421
17132
900
13338
906
13333
20068
70143
4427
13335
13334
14923
64182
128992
13492
1109
8746
9557
148396
62342
58913
58914
112386
13956
14922
20139
36236
20131
20130
23543
25121
172263
25432
146155
297683
194087
83407
25124
134716
26140
134713
27870
10358
186669
13037
259945
17058
29248
133596
29244
57972
29242
39667
57976
18512
11860
14815
163269
8930
18517
18514
18515
163262
18519
8938
35908
14819
78364
9145
20707
175816
34274
34277
34271
2912
7174
7171
7179
7178
8628
31731
27029
112033
6528
37678
1693
1690
1691
26510
30028
30029
40044
12882
12883
12880
30023
39299
86625
26653
44944
26655
26658
26659
39295
86629
39297
66261
66260
14767
24249
24245
24244
24246
24241
14768
24243
24242
28598
58256
1476
1475
23021
28041
28040
28594
22379
12467
22373
12460
22371
22374
8875
154819
13938
13935
58532
13937
30953
4220
15751
4223
5586
28625
28624
5582
21
5581
24792
29
79541
95840
26787
8877
11275
11276
11277
11271
11273
35632
13680
11278
31996
13684
23313
94017
23688
23689
23684
7732
23683
88799
25354
25355
25356
4923
25350
25351
19486
29453
25358
25689
95547
25682
19476
5307
23979
14426
23972
23973
23970
23971
27268
22082
22085
22086
22089
19754
61282
27267
27264
27265
260341
25532
25533
25535
25536
215618
2281
215614
2284
2285
2286
2287
19684
19687
32366
19681
19683
19682
19689
13448
6730
139538
42344
142878
4534
4827
193661
6734
10909
10908
26789
15537
9122
9124
9125
9126
9127
70082
9129
10657
10651
53040
10653
8237
16439
13442
7916
7980
6288
6289
53039
6285
6597
6281
6598
181
184
11627
188
20839
152200
152201
152202
152203
53593
59388
53596
10620
5976
21306
21305
6362
25607
63573
88206
21308
187484
49702
84742
324342
3448
22968
22965
22962
864
22961
2757
2754
2027
2021
2750
11257
10400
11255
16631
44530
5217
5215
5213
14158
14159
14157
11251
14152
5218
14595
36495
18075
62483
10155
13109
13105
13106
13100
13101
13102
37438
14484
18306
18657
18656
18651
18302
18300
78555
18659
11976
17931
17930
54068
38027
23820
17934
3058
17936
33902
28451
3053
28456
3051
27468
27469
27464
19007
27466
20307
20301
20302
92704
40075
83210
124430
32702
89076
214
41707
19260
4803
55854
7635
182042
15688
4595
15683
15682
15684
15687
15686
29053
29505
29501
16765
182041
29502
136401
19268
66013
23765
23761
23760
15424
15355
34485
34482
15352
34480
34481
27077
15429
12439
15358
7538
123127
89221
13115
3304
19571
14807
36549
13192
60650
7726
7727
103686
55087
32889
19478
32884
32885
32887
3945
6709
115972
6701
8324
8327
8326
6705
8320
6707
8322
73960
9912
9915
56420
12073
24476
24474
24470
24471
35283
50103
50105
218869
35284
19210
19211
19216
22145
241732
22412
22413
22142
13746
23099
13744
4054
4053
13743
4051
13741
26306
26307
69907
26305
13748
13749
45432
39031
100405
43286
43285
3611
4659
21829
21822
3619
21820
21826
82811
21825
5771
73212
101075
5773
43130
23540
114624
43139
99909
2564
2567
2566
11421
11420
23096
11425
11427
5029
5028
17115
52503
17112
17111
17110
17448
17119
13351
13350
13353
13352
13355
13354
4446
81483
13359
38847
27925
20469
967
14096
53909
968
24815
24817
49061
24812
49063
101353
24818
49069
13013
23569
20150
20917
20152
20157
41288
20158
21851
19935
19890
203790
125881
20916
1535
23993
21676
125941
80417
24826
251245
27895
27894
41061
59888
10466
10467
45322
53675
10462
10463
12609
63143
23315
71213
18538
1539
33759
58285
8325
8918
28493
18822
33020
33750
34258
59088
30226
30595
30597
30590
34254
7113
29193
7111
18795
18797
18792
18799
3642
158697
3641
30048
30042
28005
30041
30044
40620
14743
26438
28023
14740
14747
14745
24263
117147
24267
24266
24265
140496
94883
68529
68521
96793
15675
19773
15676
6426
4208
114368
13913
7965
13916
13915
13914
22407
5563
34035
79215
38273
79210
95829
309
35613
31312
76361
305
89249
19049
19048
32967
19045
19043
28513
87859
27799
9284
22314
22317
27792
22318
27790
87856
25332
25333
25336
25334
25335
25338
162528
3415
23404
23405
15247
23401
23958
23959
96790
74740
23408
23409
27240
109017
8292
65297
27247
27248
163800
78894
78897
55614
37351
87449
32343
74568
16181
16180
117100
80645
80643
16632
16947
88110
16414
12745
6115
12747
20062
12741
6112
10923
9149
10924
17320
17321
17322
56364
281960
7978
5991
7281
7280
9458
9459
7939
53062
9456
16940
10677
9451
9453
33736
16989
16988
21149
21148
9491
16983
16982
21147
16455
16986
32993
52197
12293
12292
12295
12294
26112
26116
20810
26119
20813
20814
20815
20817
112431
6223
85548
22944
21368
22946
21498
22940
22941
22942
4941
21493
21360
21363
21362
21497
21364
21367
21366
116277
116271
281345
116273
3422
3420
17580
17581
17582
3424
2001
2004
2008
2009
4850
14174
18496
18495
18493
71668
14172
18490
6614
15904
18498
11988
6962
4411
11982
54593
11980
11981
8629
12484
15901
60609
20856
10583
36065
53240
13162
13163
13160
13161
13166
36068
13165
11182
33921
18671
78539
18677
14355
14356
14357
14359
18679
9549
10842
94470
91114
17919
18972
17917
17915
17911
17910
20368
30698
20362
20363
27400
68094
20366
20367
20365
44512
85960
47895
5175
12986
12985
12984
12983
12982
138826
41729
103043
129307
129306
628
129308
8761
22996
29529
54606
29520
47768
449
1339
442
440
47764
47767
15403
105915
6930
59273
8699
6937
8129
15404
8126
6938
6939
8123
8690
8693
8120
7706
26754
7702
7703
7701
8763
39311
21455
39313
7709
66654
21326
24133
31072
31073
21452
21451
259346
19182
19183
19180
8536
19184
61388
21024
133684
29975
73986
126880
28926
347140
28921
24454
24456
21458
24450
22434
22436
22437
22430
22431
545
22438
223086
31016
77407
26326
8529
73181
22122
22123
22120
77159
38957
86318
55755
13764
13765
43738
4071
4070
4073
13763
3966
19455
3965
5793
5792
19458
19459
5799
5798
16340
75809
23605
3637
3635
33386
11406
11405
11404
11401
88381
11409
11408
19980
19233
19234
19984
32757
19238
19239
19988
19989
66158
38865
17469
17468
38868
17466
17461
2346
13379
25479
4460
4461
80253
36272
2342
942
943
21801
21802
24871
24876
24877
24874
24875
21808
21809
42061
45581
20179
48355
20176
20175
9546
20173
20172
44550
44728
16847
67971
16843
44722
16848
16849
6454
6324
6322
12171
42601
4790
12179
9447
26863
59715
59860
9667
29203
182148
53659
10118
10119
10116
10114
45975
36985
10442
10443
63128
18801
63121
21778
63126
62833
8971
8975
197611
3992
14508
26928
26929
26926
7130
86551
7134
23288
6086
37639
129558
153562
157628
26682
68097
26694
26695
26697
26693
26699
83002
40608
24201
1384
265924
71492
24204
2839
71491
24209
24208
14728
5405
5404
5403
28558
28009
28008
14721
28557
28004
14725
28553
1381
38789
34230
169099
202971
1383
38785
68545
13971
13970
4262
4265
13977
77232
41863
18114
18113
18110
18111
38256
5549
74729
51013
19962
170776
5546
5547
5544
30062
79279
30067
8597
8594
34583
110119
35367
5891
5892
5893
93676
5895
5896
93675
7942
89515
89517
21230
11236
109381
69979
4919
41186
4233
25917
25915
25912
7943
22338
765
11616
22333
4914
25649
25646
25311
25312
25313
13570
140163
34283
23428
23429
76798
4911
109039
11711
9894
323
320
17262
324
95808
2415
16612
162943
16614
18329
6138
22590
22597
22595
6132
12762
12761
22598
6136
12766
12765
6135
10948
28476
10943
3542
572
16477
57445
9478
16472
93897
57526
9477
9475
24999
21169
21168
21163
21166
108402
57443
18325
158524
1598
18370
26178
2248
2249
199076
26170
26172
26175
2241
64096
2243
42294
49213
24194
24197
49210
24198
46939
85526
3400
22920
20325
63588
3404
3407
3406
3408
22928
51107
7537
20323
4877
4876
41929
55032
60599
41920
94043
57034
13498
2799
70046
2062
2797
13494
13495
14112
33492
14111
14116
14115
30910
134
18471
18470
108605
17001
17702
211087
211085
19357
17003
68391
68390
13140
13142
60620
13145
60625
20692
24122
20691
20696
20697
175443
9780
9781
57016
9785
9786
9788
36045
36042
5797
19358
18611
18610
33277
18615
37934
34914
20341
20342
20343
20432
115734
20348
151484
91133
130348
20438
20439
83257
146250
40033
40034
40035
40036
66923
47567
31134
14294
15649
15648
12964
15647
13903
15640
12963
7096
7093
7090
55439
14297
8070
78048
8105
8104
1359
8106
76552
468
8103
8102
72617
8109
109685
6959
15399
15398
251085
6950
15392
15463
12892
15396
6484
6485
26773
26772
307237
50722
50725
50724
26775
50729
9685
5694
92440
9684
30848
26642
8360
8363
111457
8366
34778
88348
107232
145885
24607
29544
19917
47743
3182
28945
24433
24431
3189
24435
22100
22101
22102
22451
22108
22458
61506
81411
26340
81412
26346
147356
77179
49356
13708
13709
4013
43711
13700
13701
13706
13707
11399
13705
19432
19433
19431
3989
19434
3985
3986
19439
3980
3981
24055
91998
389781
23854
23851
23852
64109
23858
27161
27160
27162
281
16282
282
16285
220314
69364
17264
297957
38887
25453
25450
25109
25455
36216
22849
25458
25101
337159
25102
3564
74156
24858
24859
4539
46036
24851
46034
24856
134519
2475
22734
23742
8831
57199
218212
28293
16868
16869
42621
16864
25426
16860
16861
97540
6308
22611
12154
6304
12156
75451
6303
97239
10135
10132
70254
9567
22615
10428
10429
63451
9318
21343
9315
29223
9641
57996
10424
18862
8954
18866
21759
8950
8951
49684
232298
21757
21751
8958
21753
19101
141043
84040
28215
26904
26905
243591
113415
27057
26908
708
125234
1630
1987
3216
484
1634
3212
3213
51785
48081
48084
23571
49801
44306
12419
248828
40730
29488
275351
29486
29487
564
29953
29951
14255
14706
14704
33681
14250
18280
14700
24224
24223
24222
24221
24220
79071
5425
5424
3374
5420
30260
36986
143784
59599
109942
8540
31682
4248
31135
4247
13955
13954
4242
35163
28683
18138
6466
89758
67734
131930
3574
67739
30081
185212
66172
35300
185219
21386
23198
23194
23627
23196
23622
23623
23620
23621
6547
41961
6544
15072
6542
15070
59332
27757
106611
27752
12981
27751
29440
25938
25934
16833
95126
7848
19490
23996
23997
23990
23991
19491
23998
3920
27286
3921
27281
27282
27283
262101
23440
23441
23446
23447
23445
223433
58394
115813
33640
323307
13021
128473
7512
18246
39100
7519
112502
16672
16675
19370
16679
6354
142814
61197
88627
413455
6155
88150
42450
117417
6353
10967
10962
10961
82290
25664
25665
25661
25663
100702
26480
26483
26482
26484
21101
21100
21103
21102
21105
21104
21107
21106
16495
8300
46489
6358
21340
4836
26157
81336
26154
26153
4783
7991
26159
199059
201545
32337
25594
25595
2263
2260
25599
2267
541
22853
46266
46265
9439
22908
22909
19017
8752
158406
22903
22904
75613
4813
3153
70067
70060
23695
4819
4818
45685
41905
14173
9410
11617
11614
18069
11613
11610
53028
11261
820
14138
58856
11948
11949
11946
11947
14132
11945
14134
70228
11940
14137
132376
27994
95685
17727
3159
18936
70392
11080
36530
95686
36028
254073
85502
9349
90061
25389
33214
20220
34975
20415
48142
39744
73941
10097
10095
10099
10098
39749
108957
71622
202365
13934
20658
15669
15668
15661
12940
12947
15665
15664
7070
7071
123497
14394
37774
14396
14397
18633
18632
14392
14393
53613
78060
14399
18639
83643
114471
12493
6975
8167
12494
6970
6971
12498
30749
30748
6978
220627
19272
9467
114863
50254
26715
26716
20441
217310
217312
61699
8388
61690
88814
61340
34793
8380
100571
100570
40415
40413
21921
130766
77374
4389
24418
4382
4386
4385
4384
407
404
403
23298
1379
28746
25696
23293
22475
13720
4030
13723
13726
4036
13728
77110
86177
11371
11370
19418
19419
19412
51075
32534
32535
19140
51071
56227
56220
11181
11299
35447
23871
23870
23877
23876
169250
23878
27143
27142
155241
27146
27145
27144
51613
140083
27148
60125
93059
25439
118030
36237
25430
25433
25120
25436
42022
49432
80743
98073
82524
21668
16938
2454
2457
7852
7854
7855
4408
39910
198
16809
82830
16802
16803
16800
117331
21844
12139
21661
12132
12133
12134
9335
53611
9337
10151
53614
10405
9333
53617
295605
199557
53349
23150
23151
9621
21667
9624
18848
18849
5496
14898
14897
14896
14895
14894
33043
21737
14891
41223
45277
250011
10057
23330
86512
26966
26967
26964
26965
26968
83591
257533
28320
14094
14093
98921
3671
1968
3237
1964
1617
1961
5193
59821
13264
13267
13261
13263
13262
45091
45090
2873
2871
2877
78493
320710
78499
78498
3355
3354
14271
3356
58332
28514
3353
3352
3358
5492
20065
246124
20067
20066
20061
20060
20063
8575
94829
62251
4917
62253
30248
28389
8570
30247
30984
18555
89772
31112
31110
5814
5509
64992
18156
5503
18155
87607
225263
106938
12798
129080
129081
12799
547
67206
202616
548
67759
29978
202615
66152
23607
66409
66156
23602
23603
66159
235469
23608
12792
27777
256727
27773
3881
202610
47946
11448
6569
6568
15055
15056
15057
15052
7685
29605
24101
35142
2670
96658
25956
29608
10332
12571
112848
23466
23467
23468
74726
4759
74723
97524
3828
117658
65983
8447
34630
8442
34632
239023
5135
239024
72350
8039
97520
126616
97521
35320
35857
92218
31372
368
369
7535
364
100143
92634
360
16129
19608
19355
19359
19606
19601
19600
19603
19602
24109
12720
16406
92210
10988
331867
16952
52930
7400
24604
201386
58390
25606
24600
24603
24602
5897
25609
24609
24608
24959
24956
21123
24950
24952
307388
184606
38980
75984
3217
75987
211251
19738
31805
81602
81603
81357
31803
77636
77632
58392
11586
11587
11585
9485
11580
11581
75186
16056
12860
166916
21383
21382
21381
21380
21387
46204
21385
21384
116213
94003
37204
17297
17290
17291
19341
130136
13458
13459
13457
13454
21663
4521
4520
7993
7992
300294
7990
14984
7996
125734
7994
9436
11635
15933
105512
12619
62407
5299
62409
13337
5295
5292
5293
92133
5291
13184
13185
13186
52759
27978
27979
102831
20652
20650
17745
36550
12614
17591
63861
80550
4753
41908
6996
20384
20385
20387
20380
20381
8145
20388
8632
20479
8631
99153
20471
9293
7335
83928
7333
9295
83925
11966
11967
11960
18434
18436
210427
18438
11968
26732
30187
30184
15604
15609
17596
92405
30188
4756
21361
7059
7052
7053
7056
7054
7055
22282
18386
18385
37206
18383
8149
8148
15931
15930
6998
6999
15935
15934
8636
8635
8634
6990
6991
8147
8630
40783
26731
40781
14318
257709
30842
26738
24381
24383
24121
114844
2995
31586
31587
68935
24174
21332
47832
129945
144569
24127
213695
61886
31585
9999
50180
221082
9023
2996
9990
9993
9994
9997
11036
11037
14514
14515
11032
14513
14510
14511
11039
72875
9022
72652
72655
425
1391
426
77136
28962
3074
856
24601
3456
19164
51055
19160
19163
89123
89125
22061
96321
89126
22060
155089
55007
120396
10514
188014
130309
23819
23818
19296
19294
23811
23813
23812
8258
23814
23817
27121
27120
27122
65666
41999
25140
25415
25414
25145
25144
25411
25149
69320
60495
80760
80768
199814
13623
13676
13622
25385
27406
177724
52235
6690
6697
54878
39975
41047
11910
23343
2431
2437
2436
2434
16822
16823
16824
19831
7830
7833
77351
7836
16359
24299
12111
6343
12113
12116
6346
6348
29786
56060
137531
17199
17198
17197
52586
52585
97274
17190
9601
6518
9602
9605
10170
9608
27405
10175
53363
21246
21247
21242
46693
21719
102472
1806
3780
84004
3784
99565
8993
105792
15020
45525
41201
41205
41206
26948
26949
113459
113452
26941
44696
113451
26944
26945
26946
26947
37693
15027
14077
15026
3250
1943
211108
1946
1945
13243
37395
90726
13245
59808
59807
79351
59805
59804
16981
70219
138416
71166
164590
18488
46627
15905
14219
5460
3331
1493
5467
5469
58316
20043
20042
62238
30517
44494
175344
20044
62237
18173
19953
18178
8511
12519
13113
18513
163268
19958
529
70322
23662
23663
23660
28396
1233
126720
136019
102303
126724
27712
175967
27710
27711
27717
8281
19276
15039
13568
15032
25979
15030
2489
15036
15037
15034
163267
174564
43201
31174
24164
77836
35129
31130
172151
23488
23489
4673
3807
32476
23480
23481
8460
24165
8464
173162
259461
8468
4670
177269
92344
56726
115383
14646
24595
24594
7559
24591
164060
15084
35877
7556
7554
21268
55278
16103
19622
32613
55277
19627
19625
22283
11704
22281
22284
189021
22536
22531
22530
22533
13885
13884
13886
26449
13880
16987
26444
13889
26440
19277
25628
17947
24625
3067
11703
17941
214364
65301
24978
214363
200365
65308
24976
19169
22759
22758
38968
14360
38965
22750
22753
22752
7548
14272
10059
2229
17948
192045
77656
26196
5924
5925
5926
9306
101299
5928
50508
98557
17500
17501
17502
17503
53711
36863
4505
100481
4506
13473
41947
27477
4509
20316
2088
27475
64077
2082
8110
27474
102406
2084
11659
11652
11653
11650
11651
11656
11657
32204
27955
20676
17763
17764
17768
20678
62930
99393
52663
31730
20764
19618
118209
146720
17014
11034
85010
85014
20450
20907
20453
45753
27484
20901
20458
19340
112034
20908
16133
233992
53792
19611
70681
7311
11902
12304
12301
12300
33434
11905
5966
71372
18415
18414
18411
18410
6433
12907
15626
30167
12904
12903
12902
15621
12900
10233
9015
88804
9010
7035
9012
9013
27149
18670
78023
24021
21500
24023
21502
63337
21509
24028
26006
118508
37734
53315
246869
15959
15958
15489
119313
19293
15483
15952
15955
15954
15957
95348
86706
92420
7784
14687
14685
24360
76350
32714
26654
18675
24294
67437
4342
11018
14535
11010
14531
11012
108266
17888
8616
8611
39296
34422
8612
38154
72675
8619
17884
17887
17886
232910
77486
24104
11331
11330
11333
11334
11337
11336
11339
11338
51397
201399
43227
170253
19103
55063
32861
19106
5719
19105
5717
19108
103339
225765
127601
35484
145639
25143
24240
23345
23836
23835
25142
23833
23340
47103
23342
11485
11484
21587
23839
11480
27107
27106
27105
351406
82940
27101
68851
27109
27108
25148
21132
206178
214194
15623
43958
25163
25161
25160
16596
16598
17492
23022
21889
23023
12685
12688
12689
46054
23025
56262
36686
10824
10825
146660
10823
10821
10828
7816
7817
68156
23753
39957
39956
57688
57131
47734
93959
68150
21082
22378
19818
21086
21087
21088
19815
19816
32130
47045
20174
23754
4496
13384
26277
26272
26270
358315
20569
28917
159038
26279
85486
368028
9370
2661
368027
368026
9377
5409
149006
149007
49628
21264
49195
49190
15145
1826
184839
21115
2145
4978
4979
27500
2419
2418
4977
4970
2149
27044
15733
1920
19615
6823
58159
14051
403228
58152
4226
58150
13936
13931
6827
2283
162799
199598
20435
36906
36909
13932
13225
13226
147394
18997
14947
14946
18992
18993
14231
14942
108074
108075
14949
14948
112879
14238
3319
38700
58378
62214
5489
5486
163536
5481
5480
143720
20023
18341
34853
27504
36633
83886
53530
345967
15361
47489
18192
18193
105942
61
12404
103106
69
59688
129775
59682
99619
29938
5328
508
509
29930
507
29425
29390
29421
630
23649
632
633
635
23138
23136
23641
23642
23644
23645
23646
23647
30397
6523
72199
15543
30390
15017
15018
8265
27732
72191
50828
27736
8263
77813
25997
25995
25993
78767
29640
31154
28934
31150
3863
32452
3867
12530
3864
34674
283770
9818
107336
9815
100455
9812
278851
15437
8813
35816
19467
19613
12110
12112
3930
199798
52976
158031
131510
26469
4151
9682
69826
64811
12117
18996
26466
26465
28115
28114
28113
24640
24645
13461
24647
24646
22776
9741
22779
92942
154495
73315
92944
119573
18721
38946
25181
120372
34359
114703
5902
30877
19315
19314
19313
19312
19310
19648
5909
93540
34354
19318
17561
106262
18995
8215
17569
3484
8214
4563
119946
13410
4560
13416
13417
4564
13418
13419
11670
11671
11672
11674
11675
11676
18631
24911
24910
24913
17802
24917
24918
25182
27932
141486
20611
20616
18630
106197
17789
17786
17787
27938
17781
25206
25207
81939
24491
25200
107475
25208
185518
48481
8135
53377
113287
18346
11566
6065
255
12091
6061
6062
6068
6069
18991
199437
41439
2607
20928
2601
87099
20924
45992
2608
2609
20922
20923
4712
12489
71313
7378
21690
7373
7372
7371
7370
21698
112670
12322
12327
12326
12325
12324
54826
11921
11923
54822
11925
30498
123473
30143
27510
30141
1405
174712
10258
9031
10251
10253
9039
7013
10257
24003
49872
18693
18692
18695
18694
18697
18696
37249
134954
49879
21528
27946
84345
26601
19032
55526
15438
29897
751
750
29893
755
3783
319969
24344
24345
24346
24347
50239
50238
2955
2950
5344
13339
58746
5342
5343
66320
108790
29789
79175
22408
4364
4361
4360
67980
4369
4368
18998
18037
18036
108531
18033
108249
18039
18038
28279
11078
3108
3107
11077
3102
15976
30725
58569
8677
8676
34444
34448
8678
15979
15978
4090
13787
27073
238563
35714
3326
4991
50941
17801
35712
23587
23586
23583
23582
47292
47299
47298
23589
11310
19128
32849
55049
19120
19122
103649
55043
32845
27699
19127
88878
32836
48331
25832
25839
25838
26311
35886
20445
100093
20444
28858
28859
23364
23369
26312
13683
12527
173384
12520
8091
8090
48110
12529
12528
26940
39261
122826
22180
22181
22182
22183
22184
26942
22186
28304
15608
27066
31281
16578
27443
19784
16577
316958
28301
12669
12667
6653
621
14836
18020
56537
10801
14078
2288
63985
18915
19878
16319
11762
16313
21064
16311
6389
21063
21060
16315
199559
5877
42692
52099
4175
2381
2380
26258
81586
2387
21830
29878
26250
26253
60080
128359
113073
63185
33316
86837
21209
21837
21202
21200
21201
21207
37779
45563
1848
8047
1841
1840
19686
3251
2165
2164
4950
11305
4957
4955
14031
14032
14035
58171
14037
14038
17044
17047
17041
17040
17043
17042
3296
5134
3290
17048
1900
13206
13205
13204
60722
13202
13201
13200
13241
53858
11914
14962
71128
33357
59809
18208
14964
33605
18207
37386
18205
14783
18203
14781
18201
20007
20006
20556
20001
20000
38725
20559
83574
83570
15266
59803
43120
30556
80984
153885
12544
186336
44165
12811
15262
84404
4544
12541
57500
85809
15780
6893
15783
6895
42430
26980
15788
2571
9895
5163
17303
99634
15615
57808
15269
178641
15268
198268
15618
1278
3482
57090
612
611
8249
8294
15569
59405
59404
15564
8791
15566
8796
26896
26897
26894
29663
26893
26891
29669
7041
238797
148869
34657
39852
34127
34652
34651
34122
91964
91965
10201
34658
194892
344921
10659
131753
194898
13762
9838
35834
5038
7599
15321
44835
9830
35389
133933
9128
34687
23110
305859
23118
53047
153409
65168
61117
87983
10302
344357
5030
26409
23487
20046
24667
4139
201324
4130
22449
4133
60157
24669
50922
3840
3843
52539
3844
32437
13320
28139
22798
38927
22797
4432
38766
31867
31865
35520
92921
124998
4462
17126
52537
16510
51209
51208
5960
101783
16144
51201
19662
96004
19660
17548
17549
28704
17238
17239
17237
17234
17543
17544
17547
4549
13439
60539
19092
4541
13431
13432
16041
37214
13436
13437
22690
17799
11697
11694
11695
2048
27314
27312
27310
27311
16152
37211
24930
20638
6287
2590
45176
20631
27636
134676
20913
27916
18269
25228
22699
25227
85589
20833
189693
27492
80062
117239
6042
111155
6041
64181
6044
8603
6048
6049
2622
2623
20942
6983
20947
20944
99138
7351
9583
16155
9586
9239
9585
10012
10011
34434
9231
33166
189
210484
71331
71330
62974
51971
12345
146186
53464
26726
10278
9059
121670
9053
9057
21549
21548
24061
24060
33298
20123
24064
37261
41452
84368
41456
22893
22890
122893
22894
22895
26791
26790
67618
13872
14697
20129
24322
75
74
24326
24324
70
5438
202234
2974
5362
5363
5361
5366
1045
5365
1049
47854
13164
21300
30125
3994
31297
40497
11050
14571
14573
14574
14575
31973
11058
89674
2984
33839
106786
38113
79333
79332
17844
65241
17840
72818
115403
115402
26290
15999
15998
111126
15990
34403
50968
35733
21004
114576
31470
114571
5751
5757
5756
51562
160573
23564
65249
27679
27678
15192
27674
15199
91592
25811
25817
25815
34401
82569
47310
188076
188077
13367
51693
23302
23305
23307
23667
15220
12507
12506
12505
12508
405989
73142
5901
7436
77192
39247
73147
95290
39244
10078
7439
16554
16555
66420
16550
13637
292766
1238
18262
16558
6677
23029
27452
16083
14582
16081
16086
6678
6727
2326
8286
56516
2325
69388
8284
85696
145186
145185
4562
10863
100861
69476
2329
19850
19507
16880
16881
19854
19503
19856
19501
6649
32179
16888
16889
21048
21049
63610
4708
75599
75598
2368
26232
124834
2360
46366
42392
42391
42390
21224
21950
21228
21229
42398
14521
17687
1860
17685
28242
17682
1869
17689
17688
4930
4932
4934
4683
4936
4938
94090
6503
53120
11736
11730
11733
11732
90566
43622
5115
5114
5117
5116
5111
14019
5112
14016
58118
58119
5119
6951
17063
20796
20795
17067
6505
17064
15035
14155
60704
232325
27071
72864
10489
57398
8828
10485
10487
14908
897
14901
899
35481
14902
14905
14904
14907
20572
20571
437
20579
18209
252825
232186
260
44142
18206
1789
51870
1783
14601
17391
6879
15769
225553
15767
48752
15763
15760
15761
11872
268
6952
40396
239551
17646
18226
8924
210712
198289
18839
8221
3806
30820
14806
8229
676
677
29979
672
15508
15509
3803
15502
15503
15501
15506
18525
31669
18831
7601
2490
47449
8467
196877
34101
14486
9850
9852
18304
9855
9858
67867
16035
18650
108161
162997
44851
1524
28482
100741
23177
1522
34917
28334
89884
89885
34264
1258
19891
55014
22559
22558
22227
22554
22553
22552
22551
22550
4116
11771
257018
132766
4110
4111
26426
77505
96787
4119
96246
7895
24689
24688
201659
24685
201657
24686
14378
24682
28159
32879
147
54069
5705
28150
17240
28154
92907
73355
5707
38901
14372
17938
81681
89135
23797
16475
5945
5942
11508
11509
11506
11507
11505
5948
23799
65100
27084
27085
122528
65107
983
23469
51226
27088
27089
120472
56706
23044
25028
25794
15667
985
25792
25793
60034
50041
82263
27338
27339
27465
27334
27335
27336
4805
27333
27467
34347
36088
25248
25242
194147
27463
25247
25245
42253
42256
23781
7251
19623
52426
17217
98538
52428
19621
386416
10070
19620
10074
10077
19335
70191
18783
9219
9210
33584
3425
12363
33104
12360
12433
33109
12369
252235
28527
105267
188000
9076
9077
9074
9075
44281
10297
123430
10293
21567
24046
21564
21563
139970
22534
10678
21569
24048
3551
142661
170979
20960
20961
20962
20963
20964
59420
133560
211086
30905
2917
243232
711
710
24308
120761
54283
24300
24303
24304
24305
24306
24307
5308
164635
38686
29988
5300
5303
5306
47372
13012
30458
13010
13011
232519
30103
27715
23213
134333
31276
4325
4327
4326
3142
23200
18071
18070
14594
18072
33810
18074
14590
18076
27534
17868
12703
20213
20211
17861
17860
17866
27538
17864
66813
163279
1358
5779
5778
23202
23548
51504
24011
23542
23541
51509
5776
59076
27650
109485
25878
2060
67496
64139
29148
67493
28810
23893
23324
23897
23899
24979
21596
65300
109620
82013
72749
12569
12568
12561
15240
15242
12567
18244
7412
7417
50909
7418
39225
1468
117024
55371
16537
16534
16535
18548
16539
22869
6613
12620
12621
88743
61095
12625
9151
24339
10845
56574
174288
158191
1460
58391
120312
60944
120310
60943
22764
21020
21021
10674
23208
19524
19525
19526
19527
19520
19521
19522
19523
22751
22054
22055
22052
208521
22050
12192
5084
12194
12196
12197
26210
26211
26212
69634
2341
26217
26219
16214
2672
25498
43394
25494
25492
25491
17420
21978
21979
21790
21975
21976
2067
21971
21796
21973
79917
56397
3708
3709
28900
1889
19047
17665
17664
18420
184899
17660
17663
52766
4669
4918
6447
4916
49823
13577
4915
4912
4913
159133
43648
6445
11716
2227
43642
15421
11719
104508
97752
57151
6911
184041
54458
24782
62542
26197
5179
27078
15344
20779
136
13927
20775
17000
20777
138
17004
1
4234
13922
15345
121193
128647
128646
6448
63497
48794
63498
9683
27070
128649
128648
220998
64097
5593
20518
23826
20511
20510
48792
183
20517
7254
7255
194355
7253
13187
36690
15744
6854
6857
41130
17505
16013
15348
6859
6858
21974
83
11822
218699
31501
263634
29442
293339
29446
29447
14927
8805
14925
14924
14295
18247
8802
18248
18249
8808
8809
91356
6583
30840
6580
8758
30847
8208
6584
8206
8207
8204
8205
232708
146825
7624
7626
39416
15765
13474
17968
18422
171590
32120
185892
148825
21092
23295
19111
224662
44871
158772
9876
55739
9870
11156
24519
11150
14433
8823
86463
24514
24516
11159
14438
24513
24512
3940
45973
1501
652
21454
28313
47391
3086
3080
23156
1886
22208
22203
22202
22201
22200
22207
158056
8562
9197
13804
86012
13801
13800
13803
13802
3887
18263
151289
28171
3882
96228
13571
22083
11205
90262
60652
66493
100292
102400
16114
22226
10531
18734
90913
11524
11525
11523
35562
21000
32691
18730
5767
93073
93838
8773
24080
6706
9911
43894
25003
15094
25009
153752
8775
57867
8935
121855
73968
27359
97179
39084
27353
11942
27356
27354
27355
25262
25263
25265
25266
25267
153572
5881
32037
16276
16271
19950
16273
19952
20670
19959
16278
42278
6004
78445
6002
6003
88783
24802
47862
26866
17273
25627
52446
17274
53169
56729
7394
997
7391
36868
7392
12646
10056
10727
10054
999
998
10051
20679
49584
110091
28170
7586
2261
12389
12388
24800
21272
12385
12380
12383
64385
134632
45137
26002
141146
8983
9094
46803
26356
49544
20246
21581
21580
21583
21582
29822
49636
8880
3578
17490
17491
5090
22857
22854
341348
38529
40977
22850
2667
2664
2665
60231
20982
20983
112788
2939
61549
44403
44405
133507
18589
5327
58271
11899
14609
14607
14604
14605
33780
112973
24804
11893
20186
20181
38667
79115
38661
70460
2602
13038
13034
70469
232065
729
13030
13031
13032
13033
18727
18054
89983
18720
11092
18722
4428
31786
89989
18058
28788
17800
1167
17805
17807
17806
17808
54151
132360
70252
30781
4981
94522
20236
23535
20230
20231
20233
29787
29830
29785
29784
29783
11263
132039
67654
67123
29788
23521
23520
118449
47983
13747
66830
1168
42945
47989
51528
41891
11262
45537
27639
27638
11833
4052
25855
25850
134231
173071
19675
25858
29162
31250
77954
77951
62612
77953
77952
37954
8567
8566
8565
82071
88584
4059
8561
15004
27183
12818
8569
8568
20900
19018
7479
31434
15003
20459
218942
19729
19726
16511
16512
19097
16042
19723
21145
19093
12608
22691
12600
6630
12603
12604
12605
12607
26581
26586
26587
26588
26589
184424
184423
24722
110926
12899
17316
24728
19548
19549
82691
65718
65719
25725
19546
21005
8192
14996
22079
21972
92904
22076
22071
22072
2323
192182
13634
13635
13632
13633
4701
2324
81255
13639
21558
64118
4426
21823
2316
72117
3760
21918
3768
21916
21917
21914
17399
17398
17648
67173
17643
17393
17392
116312
17394
17397
19924
13559
43664
2491
8191
13551
4646
58066
19895
19897
96789
96788
7898
7899
96785
96784
11773
11772
5159
5158
25721
52123
52650
5150
5152
5157
4425
12894
60741
20759
186340
309448
289328
12305
80679
36459
11903
36452
36450
49110
11907
8194
12303
20531
22979
5501
12302
87319
62296
20538
43134
58566
6104
15009
44671
15784
8550
42130
42136
321331
66992
15890
15723
15892
2562
6837
6836
15898
15899
6839
41110
46385
1861
29316
53523
48596
29313
70813
18042
14464
8559
25407
12908
8822
15627
8821
8826
15588
18916
18917
37496
8829
18264
18265
39210
15624
8772
90905
10911
8776
15622
51471
44097
44095
7647
7645
56609
39432
9014
11422
32088
49218
17332
68366
37149
319979
319978
37142
9011
52507
131739
17018
123989
17116
3442
5631
14202
133999
14203
35898
35899
58363
28371
14201
28375
11175
11174
24532
14419
7921
5491
112866
1290
5493
8485
8487
24027
24947
10315
13829
35099
66993
114258
8489
13822
13825
24020
55167
14967
5634
17219
24022
60412
24843
8482
34143
34142
11874
4444
27038
91270
79490
4445
