14472
11607
21857
2443
803
2125
4781
1491
1232
11557
2888
6157
3120
2351
1064
10343
1272
1173
6584
748
7215
3386
1118
13299
4575
1913
968
3250
5483
663
2043
1075
1443
4258
1425
2593
1484
2428
4596
1419
1508
1433
4804
3322
703
2739
13060
5398
1357
2347
3857
2571
2513
474
1491
3474
1596
327
1561
407
1321
1623
1624
2308
606
1162
1994
723
2148
741
507
1169
3079
1949
750
4924
890
799
1890
1185
2164
1107
599
640
1273
3937
811
3509
979
609
1102
763
22
614
2993
424
236
1017
971
1089
718
12
403
706
1035
2555
1229
1487
928
1051
1592
2828
1029
1267
48
768
977
993
563
432
776
876
1382
551
1630
938
328
779
542
352
21
21
752
43
354
793
8
17
26
289
17
10
677
9
92
38
10
7
83
16
8
12
10
32
7
12
6
25
34
12
21
6
8
17
9
11
9
11
6
11
49
25
29
23
21
7
10
15
5
18
16
22
12
7
16
7
7
56
8
23
9
10
7
10
11
10
12
18
8
24
12
7
15
10
10
6
15
8
5
9
12
18
8
7
9
14
10
6
14
6
5
6
7
13
8
8
8
10
8
11
5
11
6
8
9
15
6
6
7
7
