1942
1168
3557
198
74
97
602
91
102
443
211
409
462
194
155
1551
95
106
641
38
571
262
167
1321
536
133
123
330
142
56
199
153
146
516
95
262
102
207
137
45
241
203
584
357
57
276
977
555
165
253
566
263
228
43
39
238
114
19
138
14
138
202
164
191
84
110
114
78
102
80
35
164
182
96
26
596
166
88
165
122
193
121
85
56
97
363
66
317
115
31
59
76
0
92
230
56
5
153
55
150
56
0
36
70
75
309
110
90
79
39
117
157
142
90
0
58
108
139
145
17
57
34
136
46
112
148
33
45
27
29
0
3
69
3
37
46
0
0
0
85
0
0
48
0
17
5
9
5
13
6
0
0
0
20
0
0
0
4
0
12
0
3
0
0
0
0
5
0
0
0
0
0
0
3
7
0
0
0
0
0
5
3
0
1
4
0
7
6
0
0
0
0
0
6
0
0
0
0
0
0
10
0
0
0
8
0
3
8
0
0
0
0
0
0
0
0
1
0
0
0
0
0
1
0
0
0
0
0
0
0
0
4
0
0
0
5
1
0
0
0
0
0
