7197
4159
11498
626
200
469
1683
324
287
1591
619
1389
1267
512
340
4509
208
263
2246
121
2206
844
415
4519
1421
524
355
1026
506
213
586
325
355
1567
214
620
356
497
600
150
498
463
1694
1261
120
980
3688
1474
537
733
1470
726
750
63
113
660
442
59
501
80
479
555
499
623
102
368
340
172
232
169
119
394
620
274
108
1543
320
176
637
366
411
410
216
208
250
1087
245
1040
250
79
113
269
1
265
782
126
18
345
170
277
189
0
107
219
228
1096
464
277
286
123
263
555
438
215
0
162
219
356
234
82
161
103
530
193
417
321
54
97
88
51
0
3
149
8
102
131
1
0
0
90
0
0
199
1
50
15
9
7
16
6
0
0
0
30
0
0
0
4
0
12
0
6
2
1
0
1
8
0
0
0
2
0
1
22
7
0
0
0
0
0
5
22
0
1
4
0
7
6
0
0
0
0
0
6
0
0
1
0
0
0
10
0
0
0
8
0
3
8
0
0
0
5
0
0
0
0
1
0
1
0
0
0
1
0
0
1
0
0
0
0
0
11
0
0
1
15
1
0
0
0
0
0
