9653
7255
12380
1648
551
1460
3079
977
799
7504
1929
4340
1882
1260
671
6312
850
854
4543
509
5082
2153
585
9668
3027
1163
576
2059
3750
453
1204
721
908
2671
965
1517
914
1295
2423
925
830
937
3076
2389
505
1600
8904
2730
953
1524
2329
1839
1610
334
1119
2413
887
220
1139
240
936
1025
987
1463
392
743
1233
440
1510
391
270
724
2469
1249
462
3290
624
461
1098
795
1364
614
375
391
906
2682
492
2164
674
410
694
483
15
421
1950
269
187
624
531
642
435
10
258
380
627
1592
704
932
666
646
1233
1871
820
871
40
587
685
607
382
281
493
573
966
353
934
606
190
544
302
208
14
9
386
29
228
545
8
13
17
183
9
7
381
9
79
16
7
5
66
14
0
8
6
25
0
10
4
22
4
9
16
0
5
16
0
0
4
9
0
7
31
17
24
18
11
0
4
10
4
10
0
15
11
7
7
5
4
37
0
20
9
10
5
0
4
4
0
10
6
11
7
4
6
6
0
4
8
8
4
9
10
15
7
6
5
0
5
4
0
6
5
4
5
7
0
6
8
6
4
5
5
11
0
4
7
13
6
4
7
7
0
0
