10727
8765
15093
1899
646
1654
3711
1143
935
8790
2338
4862
2331
1678
848
7666
1051
984
5049
614
5754
2641
811
10597
3611
1454
737
2526
4407
536
1529
881
1079
3271
1140
1979
1121
1773
3363
1119
1138
1128
3704
2648
566
1989
10101
4093
1112
1807
2968
2079
1965
390
1190
2741
1178
267
1290
292
1072
1277
1263
1801
501
923
1518
559
1687
579
377
944
2648
1505
575
3940
740
616
1380
947
1647
792
460
491
1043
3118
644
2641
792
481
865
609
19
485
2322
341
217
789
721
836
548
9
319
533
785
1909
912
1132
757
824
1317
2189
897
1031
47
666
805
777
465
341
612
684
1118
441
1219
733
262
635
411
262
17
15
578
37
291
655
7
14
24
240
17
10
522
9
85
29
10
5
65
14
5
10
8
29
7
12
6
24
25
11
18
5
8
16
5
8
7
9
6
9
45
22
29
20
16
5
6
11
4
16
13
16
11
7
12
7
6
51
8
22
9
9
7
10
10
7
11
16
8
21
9
6
14
8
10
6
14
7
4
9
12
17
7
6
7
9
10
4
9
6
5
4
7
12
4
6
8
9
6
11
5
11
6
4
8
15
6
4
7
7
0
0
