3922
3923
3926
3927
3924
3925
3928
3929
4049
4026
4024
4025
4023
4020
4021
166
4028
4029
161
344
3857
347
340
341
342
343
3997
3996
3995
163
3993
3990
3689
2185
2898
455
2316
2317
2312
2311
296
297
295
292
3484
3771
3777
3776
2465
195
3778
2782
192
270
272
274
275
276
277
3672
3676
3677
2543
2542
2546
2545
2544
2548
1456
2381
2268
1105
2385
2387
2386
2389
2263
2260
2261
2267
2442
3582
2441
2446
1452
2444
2762
2448
2764
108
109
102
106
104
105
902
2047
900
2045
906
2040
1843
1842
908
1840
1847
1846
2048
2511
2169
2512
2166
2161
2160
2163
2162
2617
3253
2611
2610
2619
1909
1906
3295
3296
3257
1902
1903
3292
1901
3856
3519
3451
3456
3457
852
3513
858
3515
3855
2689
6
2684
3852
2686
2680
2681
3853
3390
2738
3998
1434
99
3392
91
95
94
1990
3205
1992
3203
1994
1997
1624
348
1629
1628
1184
3208
3859
2860
2862
559
2865
2866
747
2868
554
556
551
553
552
3063
3065
2948
2945
3068
2941
1199
1198
3349
1054
719
1056
1057
1058
3343
3340
1192
3346
3347
3344
1196
1696
717
1693
1759
1758
1757
1756
1755
1754
2853
1751
1750
1176
618
1174
1173
1172
1171
1170
612
1271
1274
1275
1179
1178
1795
2856
1287
1286
1281
1282
3117
1003
3115
1289
1288
3111
1472
1473
1470
1814
689
517
1474
1475
1573
1572
687
1570
1577
1576
1575
682
1305
1306
1307
1496
1302
459
872
1308
873
3590
499
494
495
496
491
2458
24
25
27
20
21
2036
1078
28
407
1370
405
1372
402
401
400
1379
1378
452
409
408
3835
3836
3837
3830
3938
3935
3934
3936
3931
3839
3933
2450
4032
4035
4034
4037
4036
4039
379
378
3843
3845
3844
3846
371
372
374
3916
3494
396
395
399
398
4045
4040
4041
4043
2301
2300
2305
2304
2307
7
475
2288
3664
3667
3661
3660
3663
3749
3746
3747
2282
3669
3743
2287
244
247
2052
240
243
242
2055
2275
2277
2276
2271
2270
2273
2579
2576
2572
2571
3803
2379
2374
2377
2371
3593
2595
2596
2597
2591
2592
2454
3599
2456
2451
2599
2452
1876
1877
1874
1873
179
178
3469
174
1879
2051
3699
975
974
973
972
971
2056
2059
3692
596
3695
180
655
186
187
603
1121
2110
3089
188
189
2116
3088
2622
2623
2620
2621
2626
2627
2624
1608
3526
3527
3524
602
3521
1910
1912
1915
1914
3528
3280
869
868
3449
3445
860
862
864
867
3442
2025
2755
2753
2022
2698
2696
2694
2693
2029
2691
2690
883
882
881
3971
887
885
1973
889
888
1972
2825
1606
3232
3233
3237
3234
3235
1964
1617
1614
3239
1960
1613
1610
1611
1749
775
2871
2870
771
2875
2879
779
778
3354
75
2979
73
3058
70
2973
3054
3055
3359
2977
3050
1043
1919
1041
1040
1045
1918
3598
3028
1680
1768
1682
1684
1687
1361
1689
1688
1761
1766
1767
1765
1142
1143
1146
1147
1144
1263
666
1148
3288
1267
1265
660
1507
3787
67
1547
690
691
696
1541
3122
3283
698
699
1548
1549
542
543
650
546
3281
545
1464
1467
1461
1460
1463
1317
1315
1314
1313
1311
1310
523
1318
15
2841
1016
1017
17
1449
404
1011
414
861
417
1388
3444
1387
1380
419
3827
3824
3823
3822
3820
3940
312
311
316
3946
3947
3328
2768
1231
1459
1233
369
366
364
365
362
2761
2699
381
383
385
1351
388
4057
4052
4050
1772
4058
630
663
990
3610
2299
3613
3614
3616
3750
3753
2290
3755
2296
2191
259
2194
2195
2196
2197
2198
2199
250
256
254
255
2202
2204
2205
2560
3071
2565
2567
2369
2368
2364
308
2360
2587
2429
2585
2583
2581
903
2421
633
2423
2425
2589
1861
168
3729
1867
1866
164
3726
3727
3721
3723
966
3688
960
904
3681
3685
3684
2518
2519
2102
2517
2106
2105
2513
3489
2736
2737
2730
2732
2733
2635
2634
2636
2631
2739
2633
3531
3530
3533
1845
3537
1550
3538
3438
1241
1810
1811
1812
1813
3430
1818
1819
3436
871
2741
2740
2742
2745
2747
2030
9
1245
915
2039
2038
890
892
895
897
898
899
439
1099
1444
1247
1153
1969
3544
3545
3546
3547
3541
1979
1978
3224
1975
1605
3549
1971
3222
1616
809
803
802
800
807
806
805
804
1788
2964
768
1615
2961
2849
2846
1781
760
2845
1784
2968
1787
3048
3323
3325
909
3041
3809
2808
3042
3045
3047
1775
1774
992
1776
1771
1773
1079
1077
1075
1778
1070
1678
1679
3807
1672
1673
1094
1096
3806
1090
1158
1093
1155
675
1098
1150
672
1152
3134
3137
3136
3130
3133
3132
59
3138
2998
2999
1553
1552
3038
58
1557
1556
55
2991
3036
3037
3030
2995
3032
1418
1559
534
532
531
530
1410
1412
1414
1416
538
1322
2993
1327
1558
2994
1329
776
2996
1907
3919
624
1917
536
1620
1525
1254
1520
1521
1522
1251
421
1394
425
1392
1258
2393
3812
309
3959
3958
3817
3814
855
300
301
3951
3819
304
305
3955
3954
2795
1381
850
302
3116
3454
76
751
74
1417
2778
1443
1321
3341
3166
4062
4066
4064
4065
1261
3052
2639
1325
1603
2974
2772
3602
2773
3607
3606
3608
2183
2180
2776
229
228
227
226
224
222
220
121
2214
2990
2218
2352
2353
2351
2357
2355
153
2438
157
159
2432
2435
1898
3738
3737
3736
3735
3734
3733
1891
1892
3730
2136
958
2134
2133
955
954
2138
2509
2507
2503
2502
2500
2727
2649
2725
2722
2721
1859
2641
2642
2645
2850
1807
509
1805
3428
1803
1802
3784
3421
3420
3427
3426
1592
1808
2001
2007
2004
1851
3851
2008
2009
2852
3258
3259
3555
1949
1942
1943
3252
1941
1946
3255
3558
818
667
811
1858
815
816
1253
2859
2911
1798
2915
2916
1622
1793
2919
715
1398
1797
1621
711
1794
1490
1491
3331
3330
1494
3335
1497
1499
3339
1069
1701
1702
1703
1705
1706
1061
1709
1062
1065
1067
424
1669
1998
1667
3658
1665
1663
2708
1660
1087
590
1083
594
1081
1080
1120
598
1125
714
3143
2829
3147
2824
3149
2822
2989
2988
3383
3029
3381
3026
2981
2980
3023
3022
3021
3953
1409
527
521
522
3952
849
1401
1400
528
529
1405
1013
449
303
1339
1338
693
443
85
3128
712
3956
3109
307
3644
1933
3201
33
695
37
1537
1240
1243
1242
1533
1244
1531
1530
649
648
434
435
430
1538
1374
339
338
335
337
336
3801
742
333
332
3124
3268
3165
2864
558
1938
2953
1115
1967
748
3891
3896
3897
3894
3466
3195
4078
4077
4076
4071
4070
2700
4072
2064
3965
3962
3963
3961
1962
3968
2854
2949
3639
3636
3637
3634
3632
3631
2467
239
234
230
3069
232
233
2345
2344
2347
2944
993
2229
2226
2224
2225
2222
2223
2220
2221
1
1350
146
147
144
142
143
140
141
2031
149
2346
2678
3706
3707
3704
1880
2120
2125
948
949
2129
2128
2080
2081
2086
943
940
2085
2538
2539
1190
2532
2533
2530
2531
2536
2537
2535
2713
2658
2716
642
2714
830
2653
2652
2718
2650
2657
2655
1194
133
3417
131
3415
3412
3413
135
134
1832
1830
3799
1837
1834
1835
1029
3797
3796
3790
3793
2154
2407
939
2405
2150
2018
2152
2153
2015
932
931
930
2158
2159
2408
934
1690
674
1691
1956
1951
2926
1959
3562
3563
3560
3248
3565
3034
3241
3569
3244
1936
824
827
826
821
823
822
3097
1536
1279
704
705
2908
1175
703
88
1480
1486
3308
3309
3306
181
3304
1488
3303
84
3301
1713
2411
1711
794
1716
762
790
1718
798
1270
1658
2144
613
1650
1651
2843
1655
586
1139
581
616
1993
2140
1137
1135
3153
920
3151
1633
3157
1229
3155
2061
2836
2834
2833
2832
2831
2830
1436
1437
3018
1435
1430
3396
924
1736
3011
1438
2797
1260
926
1009
1730
510
1005
1004
515
4068
1001
516
1227
1226
620
1223
626
1221
1220
1340
629
1345
456
457
318
1082
1989
2880
2886
2887
2884
2885
1883
2888
846
1882
1502
657
1500
2
652
653
1504
651
1509
3942
3878
3879
3870
3871
3873
3874
3876
3877
314
2241
3885
3884
12
3881
14
3883
16
19
18
3118
3888
3480
947
3272
3905
3158
3903
928
1927
3908
3909
3112
2578
3600
3364
4008
4009
929
4000
4002
4003
4004
4005
678
323
321
3975
3974
324
1476
329
3629
200
758
205
206
3622
3625
3624
3626
685
684
1881
2011
2239
2238
2332
1479
2335
2337
2338
2339
2233
3473
2235
3662
3073
3717
839
3711
3710
3713
3712
3496
525
1342
2184
3492
3490
2094
2096
2091
3659
2093
3079
3656
53
3652
1301
2527
2521
2746
2488
2522
2486
2484
1303
2529
2528
2248
2247
2651
2243
2464
994
997
2719
2460
2461
2462
2463
2704
2707
998
2703
120
3400
122
3402
3409
2654
3416
1829
132
1022
1821
363
2068
2069
2413
130
2143
2414
2141
2416
2792
137
2790
923
2796
2065
2149
2067
68
752
1921
1922
1924
3273
3271
1929
1181
832
3475
3476
3477
3579
3578
834
835
3575
3574
838
3576
3573
2667
3
2665
2662
922
359
671
2669
840
3332
2664
2934
1501
2931
3319
3310
3313
3315
3314
1532
3316
1645
786
787
780
781
1643
1729
1727
1722
789
579
573
572
571
577
576
575
3007
3168
3002
2802
3167
3164
2801
2806
3163
2804
600
1421
1371
1588
1589
1425
3369
1582
1583
1580
3367
1586
2156
3363
731
2157
1699
3317
737
158
739
2019
1031
1037
501
1212
784
1359
1211
1216
468
636
637
1353
639
1218
1219
461
460
463
1354
989
3393
1640
2016
1728
937
2897
783
2890
2893
1455
1104
1457
1519
1100
1453
1516
1458
1510
1513
686
4080
4081
3869
322
4084
3863
3862
3860
3867
3865
3864
3939
467
681
1512
1890
3184
3185
3186
3187
3180
3181
3182
1893
3188
3189
959
3915
3912
3911
2137
1896
3930
3397
2285
4018
4012
4017
4016
356
354
3988
352
351
350
3984
3986
3987
3982
215
213
3612
218
3094
957
327
2323
1447
2321
2320
2327
2325
1446
30
484
289
288
1112
4
1656
280
283
282
285
284
287
3760
3761
3763
3764
3767
3768
2297
1440
3485
3249
263
262
261
260
3649
3648
3645
268
3642
2499
2552
2554
2555
2557
2490
2492
2495
2494
2496
2396
2394
2395
2392
2750
2390
2391
2256
1295
2251
2250
2477
2779
988
2474
2473
2472
2471
2470
2770
2771
980
981
986
2775
984
252
1102
2176
111
2803
118
2785
3841
2786
2781
2780
2783
3840
1850
3009
3095
1854
1857
2172
2173
2079
2078
919
2177
2174
2175
2073
2072
2071
911
2076
913
912
2604
2605
2606
2600
2601
1836
1796
3261
1932
3263
3264
1935
3266
3368
3434
3221
3509
845
844
3463
3462
3460
3500
3504
3506
2671
2670
2674
2679
3435
3366
3543
2929
2921
2920
2923
2925
2924
2927
3361
2900
3488
2053
3214
1987
3216
1985
2905
1636
1637
1639
1733
2904
3218
1404
1988
431
3945
1039
753
2814
2817
750
759
563
2818
566
1595
1032
1597
1596
1591
3075
1593
1033
3171
3170
2951
3176
1027
1026
1021
1801
1188
1333
1186
3376
3375
1185
1182
3372
3371
3370
724
1349
1748
723
1197
1744
1035
1740
1741
1164
604
607
1167
601
1161
640
631
1207
608
1203
2057
469
1489
472
3108
1214
48
46
2400
3100
2034
3102
3103
1111
638
1113
1299
5
1117
464
1292
476
1290
1291
1297
1566
10
996
466
474
3384
1782
2401
591
2033
1562
488
1369
462
483
482
481
792
3385
3481
2170
3197
473
1364
3194
3193
477
3191
3190
3728
479
1368
3198
