2580
1200
165
344
347
340
342
343
595
2317
2315
2313
2310
2311
295
292
293
291
199
198
2147
191
1139
270
271
272
273
274
275
278
2543
2542
2540
2547
2545
1107
2549
2380
2268
1105
2385
2384
2386
2389
2388
2260
2261
2266
2267
2264
2265
2442
2769
2441
2060
1101
2766
109
102
103
100
1134
2047
2044
2045
2042
2043
2040
905
909
1846
2048
2169
2512
2165
2164
2160
2617
2616
2615
2612
2611
2610
1364
2619
1908
1909
1906
1907
1903
1901
854
850
852
853
858
1116
1731
2688
2686
2687
2683
99
98
90
93
94
1623
1622
1621
1620
1627
2273
1997
1996
1629
1628
2861
742
743
2864
2865
2866
2867
2869
551
550
553
2278
3067
3014
2949
2947
2946
2945
3068
2943
2942
2941
1050
1051
1052
1055
1056
1057
1059
1193
1192
1196
1697
1692
1759
1758
1757
1756
1754
1753
1752
1699
1177
1279
1174
1173
1170
1271
611
1274
1275
1276
1178
2857
2856
513
2851
1285
1287
1280
1283
1288
1473
1471
688
1475
1573
684
1571
1577
680
682
458
1306
1302
1226
1818
1308
498
499
2459
496
497
492
493
2037
26
625
624
28
2035
1371
406
1373
1372
403
1374
1341
1379
2033
629
409
453
2747
1701
1345
1346
1347
378
370
373
374
377
376
1244
179
178
392
390
399
2309
2300
2303
2304
2307
2306
171
2288
2051
2280
2282
2284
2285
2287
245
244
247
243
242
248
2275
2274
2057
2578
2577
2574
2056
2279
2573
2379
2374
2370
2372
2373
1128
2596
2597
2590
2458
2592
2593
2454
2598
2453
1876
1875
1873
1870
1871
177
176
174
172
1878
977
2118
2052
973
971
970
2058
596
182
183
180
186
185
2111
188
2115
2622
2623
1367
2626
2624
2625
1505
1918
602
1126
1910
1913
1914
1917
1916
869
868
861
860
863
862
865
864
867
866
2024
2757
2755
2020
2021
2750
2698
2697
2696
2693
2692
2758
2690
883
881
887
886
888
1972
1968
1969
1965
1615
1961
1963
2872
2871
2870
2877
770
2875
2874
77
76
73
71
3059
3056
2973
3052
2977
3051
1041
1047
1046
1045
1044
1049
1681
1680
1682
1685
1684
1762
1688
1761
1766
1764
1788
1140
1141
1146
1145
1263
666
1148
1149
663
662
1265
660
1242
769
692
1547
690
691
1542
1543
1540
695
699
762
546
547
1465
8
548
549
1461
1782
1463
1019
1317
1316
1315
1310
1318
14
1594
1747
416
1012
412
1386
1387
1380
1382
313
311
310
317
316
315
2768
2756
2027
369
366
367
365
362
363
360
361
2322
2751
1330
380
381
383
384
386
389
1773
2028
2029
2759
2299
2298
2291
2191
258
2195
2196
2197
2198
2199
250
251
256
257
2200
2568
2203
2206
2561
2209
2563
2566
2367
2365
2363
2360
2429
2585
2583
906
903
2420
2421
2422
2423
2426
1861
1860
1863
1848
168
1864
1867
1868
162
965
960
904
963
2519
2515
2101
2100
2510
2511
2105
2734
2735
2736
2639
2635
2738
2630
2632
1845
1091
1814
1810
878
879
877
875
872
1819
2741
2740
2743
642
2745
2031
2030
2748
2038
892
893
1531
896
897
898
899
1150
649
1248
1609
1979
1978
1976
1975
1604
1971
809
808
803
802
807
806
805
2965
2964
768
2966
2960
2963
2962
1780
2847
760
640
2842
2968
3048
3041
3042
3047
1777
1776
1771
1078
1079
1072
1071
1674
1675
1672
1673
1094
1095
1097
678
1158
1092
1157
1156
670
1099
1153
1152
1555
58
1551
1550
1553
59
1554
1557
1559
2991
57
3037
3030
2995
53
52
1418
55
531
54
1410
1413
1415
539
1417
56
1327
1324
774
2994
1328
776
3033
773
1256
428
1255
1253
421
1396
1394
1393
427
1390
309
304
307
2779
1034
1321
3057
2976
1446
981
2238
2774
3015
2182
2186
229
228
227
226
2189
2188
223
2211
2210
2217
2216
2215
1119
2990
2219
2218
117
2983
2230
2352
2353
2350
2351
2355
151
150
153
2438
2433
2437
2435
2434
1895
1890
1891
959
2137
2134
2132
2130
951
953
952
954
2138
956
2509
2508
2507
2505
2503
2501
2648
2649
2640
2643
2729
2647
1689
1807
1806
1805
1804
1808
2007
2005
2008
1269
1268
1949
1947
919
813
814
815
2859
2911
2912
1260
2914
719
2917
717
2919
2852
2855
2854
1795
710
1490
1493
1495
1497
1069
1068
2179
1704
1705
1065
1067
1066
1258
1669
1668
1665
1664
1663
591
1086
593
592
1083
1081
1080
1120
1121
1122
1089
1127
2828
2824
2825
2820
2823
2989
2988
3029
3027
2982
2981
3023
3022
3021
3020
524
526
521
522
523
1403
1015
1016
1400
528
529
1405
1404
1234
1546
1236
1237
1339
442
441
1336
447
446
445
444
65
696
39
38
2523
2522
711
34
1537
1536
1535
1534
645
644
1247
646
1249
648
1448
435
432
1539
339
338
741
335
334
337
336
331
330
744
745
1938
1634
1469
1468
1111
2752
1635
2119
1466
2700
1022
238
239
234
991
237
152
231
233
2344
2347
2944
2340
2343
2224
2225
2349
2223
2220
2221
1
2705
146
147
144
145
142
2701
149
2346
1889
1887
1886
1884
1883
1882
1881
1880
2121
2120
2088
2122
2125
1467
2127
2126
2082
2128
1084
2086
2087
2084
2085
3038
2539
2530
2531
67
2537
2534
2535
2713
2710
2652
2657
2654
133
132
136
1832
1833
1830
1831
1836
1834
914
1839
2155
2405
2150
2018
2152
2153
931
930
2408
2012
1690
1691
1957
1950
1953
1952
1959
916
829
825
821
2903
1278
2900
2907
709
2904
705
706
707
700
1481
619
1487
1486
1484
82
1489
81
86
87
85
1713
1712
1717
792
791
790
2413
799
1658
2144
1652
2843
1657
1654
2414
1739
584
580
581
1132
1131
1130
225
1136
588
589
920
2838
2837
2836
2834
2832
2830
1437
1434
923
1432
1433
1431
3013
3010
2793
1438
1439
518
1730
1007
510
1005
512
1003
1001
1348
459
621
1223
1222
1221
1220
1340
451
452
1343
1344
455
456
457
2880
2881
2887
2885
2889
1266
253
656
657
2
1506
651
1509
659
11
13
12
948
17
19
713
946
940
941
755
754
323
320
321
326
327
324
325
329
1477
201
200
203
202
207
208
679
685
1478
2239
2331
2333
2334
2337
2231
2339
2233
835
2234
2237
1590
2185
1342
2094
2097
2096
2091
2090
2093
2791
2098
2525
2526
2520
2488
2489
2487
2484
2529
2483
2480
2247
2241
2242
598
2464
2465
2466
996
2460
2461
992
1533
2704
2707
2468
2469
2702
121
122
124
126
127
128
129
1295
1826
1823
928
2069
2798
2799
2143
2142
2417
2140
2419
2061
2063
2797
926
2411
1920
1926
921
1929
832
833
830
831
836
837
2410
838
2666
3
2665
2662
2660
2661
2482
2668
2669
2664
2936
2934
2932
2933
2931
1532
784
785
786
1646
1641
781
1643
783
1726
1727
1724
1725
1649
1723
1721
605
579
573
572
571
570
577
2439
575
925
3005
61
2809
64
3000
3003
3002
68
2806
3008
2805
407
1422
1425
1424
1426
1429
1583
1581
1586
405
1584
730
1038
938
734
508
509
739
1033
504
1036
1037
500
2403
1212
632
1211
634
468
1644
465
1352
466
1357
1647
463
1354
2416
1640
687
2016
1729
2891
1106
1455
1457
1450
935
1453
1514
1511
1459
1722
789
617
357
356
354
352
358
216
217
213
211
218
788
2139
2323
438
2320
2327
2326
2325
2324
288
281
280
283
282
284
287
1114
1117
1440
262
261
260
267
1792
2753
269
268
436
2551
2556
2491
2490
2496
3006
1294
2390
1337
2254
2253
2398
2250
2477
2476
2474
2471
2470
2770
983
980
2773
986
2776
1102
111
112
1858
1568
1852
1855
2807
2079
2078
2176
2177
2175
2072
2071
2070
2077
2074
2604
2606
2607
2600
2601
2609
1796
1933
1932
665
1589
1937
1935
1939
2728
846
844
843
842
841
840
849
848
664
2673
2675
2674
2677
2560
2679
2678
2902
2920
2925
2924
2927
1587
2407
486
708
2906
1630
1738
1632
1982
1983
1637
1638
1639
1732
733
1039
753
569
751
2816
757
2810
2813
2812
2910
561
563
2819
2818
567
1595
506
2959
1593
1592
2954
2956
1599
2951
2952
1027
1021
1020
1188
1189
1187
1862
1182
1028
1181
724
725
1748
723
720
721
1744
1746
501
1740
1742
1164
1167
1160
600
1162
1163
1207
1206
1201
608
469
2479
1217
48
49
45
42
2034
41
1447
1569
1112
1443
1442
1441
464
1292
1291
1566
1567
1350
2582
796
2401
450
1356
488
487
793
485
483
478
1716
590
2170
1366
473
470
1365
476
477
1360
1361
1930
479
1368
1369
