165
342
2918
595
2313
2310
2311
292
293
291
199
198
2147
191
270
271
272
274
275
1106
2547
2545
2549
2380
1105
2385
2384
2386
2389
2388
2266
2267
2264
2265
2442
2769
2768
2448
2760
2766
109
102
100
1134
2047
2044
1848
2043
2040
905
908
909
2048
2169
2165
2164
2617
2616
2615
2614
2612
2611
2619
1908
1909
1906
1907
850
852
853
858
2688
2684
2686
2687
2683
99
90
93
94
1623
1622
1621
1620
1627
2273
1997
1996
1629
1628
741
742
743
744
745
2866
2867
555
2869
551
550
553
3063
3067
1438
2949
3068
2943
1050
1051
1052
1055
1057
1059
1192
1196
717
1692
1759
1691
1756
1754
1753
1699
1177
1279
1790
1173
1170
1271
611
1275
1276
1178
2857
513
644
1285
1287
1280
1283
1288
1473
1471
688
1475
1573
684
1571
680
682
1348
1306
1302
1226
1308
498
499
2590
496
497
492
493
2741
624
28
2035
1371
406
1373
1372
403
400
1379
2745
452
1069
1346
1347
379
370
374
377
376
179
390
399
2309
2300
2303
2304
2307
2306
2288
2280
2282
2283
2284
2285
247
243
242
904
248
2274
2271
2578
2577
2574
2379
2374
2370
2373
2597
2459
2458
2592
2598
2453
1448
1874
592
1870
178
176
174
172
171
2051
182
2052
973
2054
971
2056
2058
596
2118
183
181
186
1121
2111
188
2114
2622
2623
2626
2624
2625
1505
1918
1089
1910
1913
1914
1917
1916
869
868
860
863
865
864
867
866
2024
2757
2027
2752
2021
2750
2698
2693
2692
2758
2690
881
887
886
1973
888
1968
1969
1615
1961
1963
2872
2871
776
770
773
2874
1930
76
75
1223
3059
3056
3055
3052
2977
1041
1047
1045
1044
1049
1681
1680
208
1685
1684
1762
1688
1761
1766
1764
1765
1141
1263
666
1148
1260
663
1266
660
692
1547
690
691
696
1543
1540
695
699
1469
547
548
1466
1463
1317
1316
1310
1319
1318
415
416
412
1386
1387
1380
1382
313
311
316
315
314
2755
369
366
365
362
363
360
361
2322
2751
380
381
383
384
2028
2029
2759
2298
2291
2191
258
2195
2197
2198
253
250
256
257
2568
2203
2206
2561
2560
2563
2566
2367
2365
2363
2429
2583
2582
2580
2421
2422
2423
2426
1861
1860
1862
168
1867
1868
162
163
964
961
963
969
2515
2101
2100
2510
2511
2105
2104
2734
2735
2736
2639
2635
2636
2738
2630
2633
1845
2968
1814
1817
879
877
875
1819
2037
2740
2743
642
2033
2030
2748
2038
890
892
893
1531
897
898
899
1150
1248
1152
1609
1978
1976
1975
1605
1604
808
807
806
805
1788
768
769
2963
762
2847
760
2842
1785
2840
3048
3041
3042
3047
1777
1776
1771
1773
1079
1071
608
1674
1675
1670
1672
1673
1095
1097
679
1092
1534
1156
670
1099
1153
673
59
58
1551
2999
1553
1552
1555
1554
1557
2990
2991
57
3037
2994
2995
53
52
55
531
1410
2992
1417
1532
1327
1324
774
3030
1328
202
3032
3033
2875
2809
428
1253
1398
421
1394
1393
427
309
304
307
2779
1321
983
980
473
2182
2186
229
227
226
2189
223
2217
2216
2215
2219
2218
2352
2353
2350
2351
2357
2355
151
150
2439
2438
2433
2435
2434
1895
1890
1892
959
2137
2134
2132
2130
951
953
952
2138
956
2509
2508
2505
2503
2501
2648
2649
2640
2642
2643
2729
2728
1689
1807
1806
1804
1808
2007
2005
2009
506
1268
1949
1947
813
814
815
2910
2911
2914
2917
2851
1792
2852
713
2854
711
2856
1490
1493
1495
1497
1700
1701
2070
1705
1065
1067
1066
1669
1668
1665
1664
1663
591
1086
593
1084
1083
1081
1080
598
1122
1126
1127
2824
2825
2820
2821
2989
2983
2982
2981
3023
3022
3021
2098
524
526
1016
1400
529
1405
1404
1234
1546
1236
1237
1339
1232
1334
1336
447
444
2523
34
1537
640
1535
1242
1533
1244
1247
649
648
434
435
432
1539
338
2861
334
331
330
2061
2063
2119
549
1022
239
237
231
232
233
2344
2347
2346
2340
2224
2225
2349
2223
2221
1
2944
146
147
144
145
142
2468
2469
1889
1887
1884
1883
1882
1881
1880
2121
2120
2088
2122
1467
2127
2126
2082
2128
942
2087
2084
941
3038
2539
2531
2535
2713
2659
2652
2657
2654
132
131
1833
1830
1836
1697
914
1839
2407
2405
2150
2018
2152
2153
931
2016
2408
1758
1954
1950
1959
1439
829
828
821
2903
2900
2907
2906
2904
705
706
707
619
1487
1485
82
1489
81
87
85
1712
792
791
799
1658
1657
1630
584
580
581
1132
1131
1130
1136
588
589
920
2838
2837
2836
2835
2830
1437
1434
923
1432
1433
1431
3013
3016
3014
3015
518
510
1005
512
1003
514
1001
458
459
621
627
1222
1220
1340
1341
1342
628
1345
456
457
2881
2889
656
2
1506
650
651
1509
659
11
12
14
17
19
946
2086
2816
940
2085
323
320
326
324
325
329
1477
200
203
56
207
948
685
1478
2239
2332
2333
2334
2337
2231
2339
2233
2234
2237
2094
2097
2091
2090
2093
225
2525
2526
2520
2488
2489
2487
2484
2529
2483
2480
2247
2241
2242
2464
2465
2466
2460
2461
992
2705
2707
999
2700
2703
2702
121
122
126
127
129
1824
1826
1823
928
2069
2413
2144
2143
2142
2417
2140
2419
2793
2791
925
1924
1926
921
1929
2517
832
833
830
831
836
835
838
2666
3
2665
2662
2482
723
2664
2936
2934
2935
2932
2933
2931
784
785
786
1646
1641
1640
783
1726
1725
1722
1723
1164
579
573
571
570
577
3005
61
62
152
64
3003
3002
2806
3008
2805
1589
1424
1427
1426
1429
1583
1587
1584
730
733
938
734
508
509
739
1033
504
1036
1037
1034
501
1212
632
633
469
468
636
1644
464
1350
1357
1647
463
1354
1983
781
2897
1729
1454
1457
1102
935
1100
1453
1459
1649
789
357
356
354
352
358
216
217
213
210
218
788
2323
438
2327
2326
2325
288
283
287
1114
1117
260
267
2753
2556
2490
3006
2390
2257
1567
2253
2398
2250
2727
2474
2470
2770
2771
2772
981
986
2479
117
111
110
112
1858
2780
1852
2807
2170
2078
919
2177
2072
2071
916
2077
2074
2604
2605
2606
2607
2600
2601
2609
1796
1933
1932
1422
1937
1935
2647
846
844
843
842
840
1795
2671
2673
2675
2674
2677
2921
2920
2925
2924
2927
1986
1738
1632
1635
1637
1731
1730
1732
662
1988
1039
753
569
751
750
757
2810
2812
561
563
2819
2818
567
1594
1593
1592
2954
1599
2951
2953
1450
1021
629
1188
1189
1187
1182
1028
1181
724
1748
500
720
721
1746
1740
605
1167
1160
600
1162
602
1207
1201
1200
1203
1211
634
1217
48
49
45
42
41
1568
1569
1365
1443
1442
1441
1440
1291
1566
1295
2401
2589
488
487
485
483
451
1366
1367
470
471
476
477
474
478
479
1368
1369
