3923
3926
3927
2304
4025
4023
4020
3258
1949
1203
1941
3558
3496
347
3852
3996
3995
348
1261
3990
1798
2915
719
2850
1797
2854
1795
1794
1494
3335
1497
1499
3339
1069
1703
1705
2742
2316
2317
1062
1065
1067
479
1667
297
295
2897
591
590
3771
3777
1082
596
3778
272
3143
277
2825
3676
2543
2542
3384
2546
3029
3381
2548
3023
3022
2381
525
527
522
2386
2389
2263
1016
1400
528
1011
1013
2768
1231
2444
1233
443
2762
690
1333
3743
696
106
104
2045
906
33
30
37
2048
1537
1243
642
1244
1530
434
435
1027
1538
2617
3809
3807
336
3801
2619
332
2639
1901
850
3454
2689
2463
3896
3894
2738
545
2277
99
1435
94
1622
3205
1992
1994
1997
1998
4077
3396
4071
1184
4072
3968
2860
2866
2465
2868
554
3634
3632
3063
996
239
234
2945
230
2941
1198
2347
2346
1054
1056
2229
2225
2222
3347
2220
1455
1696
1690
1757
1755
1751
1279
144
1174
1173
141
1274
712
2352
3706
3707
2120
1287
2125
948
3118
947
2081
1289
940
1472
2538
2539
1476
1474
1572
1570
1577
1575
1305
3341
2716
1302
1226
2653
3346
2651
2719
1308
131
130
3412
499
494
496
491
626
25
1830
20
1837
1835
2407
405
404
400
1379
3187
931
2016
2011
409
3836
3837
3938
3935
414
3936
3839
3933
2599
1951
4036
2880
1959
3562
3563
3248
3241
3569
378
3845
3846
371
826
822
2900
1176
705
88
1480
396
3306
142
399
398
1713
928
1711
794
4041
790
897
4049
1658
7
1651
1656
607
4016
3664
3661
3662
616
2285
1135
3153
244
3157
240
3155
2061
2836
2830
1436
1437
3018
3392
2270
3397
2579
2576
2064
2572
1438
1639
510
1005
2377
515
516
1227
2595
2596
3590
1223
2591
1340
2454
455
2452
1876
179
1083
174
3699
975
974
972
2884
2885
181
3089
3088
1504
189
1559
2622
2623
2620
650
2624
3874
1919
1918
2741
3521
1281
1912
3528
3885
10
3883
16
861
949
3442
2750
2696
2693
2029
3905
881
887
3879
889
3908
4018
3149
3222
4009
3237
1964
1617
1614
1967
1613
1610
322
321
3974
324
329
775
776
2745
3354
477
3058
3054
3055
3052
1043
2332
2335
2337
835
1680
1684
1761
868
1143
839
1146
1147
1263
3494
1260
3492
3490
1818
1307
3658
3659
2093
3656
3787
3652
2527
2521
3122
698
699
2528
2951
542
546
2652
1467
2718
1463
869
997
2467
993
1310
2707
998
1318
121
2391
2
2841
2261
17
1821
2068
2413
417
2414
920
137
2790
1380
419
2149
2795
318
3820
3942
3946
1922
1924
3273
3271
830
834
3473
3575
838
3576
3573
2664
366
365
363
2669
3272
2022
2931
3319
381
383
3840
388
3799
3314
1645
780
4052
1643
4050
2357
256
2136
2299
573
1814
3753
2297
2296
2191
3007
3168
2197
2199
250
2057
3009
254
2205
1583
602
1586
939
731
2157
2368
2360
784
1359
1211
1216
636
638
639
1351
1219
461
2589
1354
3729
1866
164
166
3689
3688
1728
2158
3681
1729
284
2796
1456
1105
1100
2517
1458
2512
783
4080
3489
1840
4084
2635
1847
2636
2631
2739
3531
3530
3537
3736
1090
1896
3438
1810
1811
1890
3767
3434
3435
871
3184
2036
3186
1242
3180
3181
2031
723
3188
3189
3097
3916
3911
3233
898
1104
3919
3288
1969
3544
263
2166
3541
1979
1975
3221
1972
1606
356
352
2162
807
806
3982
804
1615
2961
3133
2846
1781
1782
2845
1784
1787
3048
2605
3045
2544
3971
2320
2327
1772
1075
1778
289
288
4
1443
282
285
337
1672
1094
3761
1096
3763
678
1093
674
675
1098
671
672
576
571
1292
261
2474
333
3649
2999
1553
59
55
2490
2993
2495
2995
2996
2496
2396
3034
534
2392
2390
2991
1410
2256
1412
2500
538
2477
3037
2473
2472
2470
2770
2772
1329
986
2776
2176
667
3167
118
1858
1418
2786
2781
2782
2806
2172
2177
2079
2078
1520
1521
2174
2073
2072
913
912
2604
309
2600
3952
3819
304
3954
3261
1932
3263
1935
3268
1938
846
844
852
3460
3500
3506
2671
2560
2929
2925
663
3361
1321
1987
4066
4064
1637
1730
530
1988
1989
2239
3600
758
1595
2405
2180
3137
984
2185
2184
222
3176
3075
1026
3375
1185
724
1349
1749
3344
1744
3549
1741
1486
153
2438
600
157
2429
2432
1207
2435
633
1898
469
3735
3734
3733
1489
1892
1893
959
2137
2134
3109
48
954
2138
1447
1446
1115
1440
2507
1291
1297
1566
1295
2423
2722
2721
2641
2642
2645
484
483
482
3428
2581
1802
1801
3420
1808
472
2001
2552
474
475
2009
3198
