3715
2713
5898
4024
4020
4577
5506
4470
5502
5100
693
2527
5827
2489
1943
4903
2485
4670
819
2385
3529
816
5842
2465
1799
2913
5069
4886
4887
3333
3817
3330
3407
5466
128
6092
3883
5300
1060
4879
1654
412
5853
296
295
2066
1660
1085
5395
1120
194
311
5747
315
192
271
3443
279
3370
4659
2821
3279
4287
3575
4288
2098
2381
4496
5689
4490
2389
1402
2261
5682
1232
5587
2763
446
444
5672
5320
5678
4703
101
5776
39
5244
1723
5242
4959
5799
5875
5549
4950
4954
579
2298
3616
2610
3618
2862
2618
2190
4105
3003
2198
4361
4915
1900
600
3457
1426
3365
3510
5702
732
2688
2689
2388
425
4776
1379
4774
5652
4377
96
5180
4683
4937
3680
1454
3962
2101
1516
1513
4764
3869
5116
5113
5112
2634
556
5118
553
1648
4619
1798
3066
4610
5947
2940
878
1057
5871
2032
1753
5929
1279
892
143
1275
149
5530
3702
2167
1881
1608
4154
2126
4916
2083
4011
945
3113
4661
4662
6035
217
213
1784
2843
1786
2841
3321
5475
3410
6122
4227
491
4707
5275
2327
5626
4381
4709
5620
1371
405
402
2400
4010
5908
2158
1671
3489
3488
3598
879
4337
4332
3932
1953
1290
3641
3562
6010
3283
3247
2995
4482
371
370
2250
2902
2901
2900
5016
4258
700
987
702
6141
87
5760
792
4720
2804
4969
2077
1391
1655
2604
1813
580
2050
3952
225
588
589
920
3262
3154
5124
3159
3158
4545
4118
3465
1432
4828
5087
3505
2571
1383
2371
4263
2458
223
2456
4184
2453
5331
5667
170
977
5239
5548
3217
4064
1637
3219
182
183
181
4460
3941
735
1508
5781
5363
3875
5109
3520
3893
3171
5899
2956
5106
3177
3176
3887
15
1974
1023
1186
1187
3543
4208
3371
5422
99
2020
3224
1741
4218
606
601
1161
609
6137
4453
1898
5525
5211
5643
5218
4165
3108
4161
4552
1615
1111
1562
5335
776
2876
2518
679
5286
5045
5739
78
4399
1040
3785
4395
2955
476
1360
1686
4585
4583
