2713
213
217
1784
1786
2841
3321
4024
5475
4470
4227
5502
5100
4707
2527
2327
5626
4381
5620
1371
819
405
402
816
2465
4337
5069
5180
4886
3333
3330
3283
1953
5466
3641
5300
1060
4879
1391
370
1383
2902
1085
2900
1279
1120
194
700
702
192
4659
5760
3279
3575
4720
2381
2385
3962
425
1654
1655
3817
5947
2763
446
444
5320
5678
4118
5776
39
1648
4959
1943
4950
4903
4954
2458
3618
3598
2453
2618
2190
5335
4670
1900
170
5239
1426
3219
183
732
2688
3941
5652
735
1508
1608
99
4774
3893
5898
2956
5106
4377
3887
4683
1023
3543
3443
1454
2518
2083
1741
1513
2862
1974
1161
5113
3488
2634
553
1723
4619
1898
5643
5218
4165
878
879
1111
1290
4258
892
2876
1275
5530
5045
78
5363
4154
3785
3224
1057
3113
2371
1360
1686
4585
4583
