210
763
664
767
133
132
498
499
90
494
495
490
626
691
697
694
95
404
341
544
666
280
283
549
453
678
400
718
716
715
670
671
672
120
261
266
265
268
58
57
56
53
537
378
534
532
298
413
371
373
295
375
377
376
591
146
592
199
198
195
312
700
190
270
114
390
275
113
69
82
279
81
415
226
429
525
526
520
421
420
255
528
424
361
308
582
443
301
440
445
444
245
381
27
384
243
242
101
249
248
39
244
418
31
30
36
519
640
383
539
647
436
434
538
515
514
431
623
459
621
578
339
338
625
624
335
334
571
570
454
576
333
574
487
62
64
65
252
296
251
257
709
203
730
602
654
657
180
2
186
651
738
188
502
503
659
630
631
632
756
754
465
736
463
567
229
228
165
223
161
96
220
15
16
18
726
720
158
153
151
742
152
155
745
156
748
554
609
550
278
236
649
641
42
43
1
323
321
5
328
676
477
170
144
202
205
140
149
77
511
615
70
154
483
482
79
78
638
263
512
705
732
473
355
476
352
652
685
687
516
