763
133
132
499
90
494
490
25
691
697
341
544
666
283
96
678
718
716
676
671
263
266
265
127
268
436
53
537
534
532
298
296
295
377
538
590
592
199
709
195
312
197
270
114
116
275
276
278
279
81
429
525
420
528
424
361
308
440
304
244
241
243
242
39
641
640
539
647
649
434
376
433
623
459
578
339
338
625
334
571
570
454
330
333
574
62
64
65
69
175
170
657
371
145
183
732
735
554
188
502
659
342
562
400
567
228
226
95
161
220
393
12
15
16
18
549
390
720
151
153
152
559
154
602
158
609
550
236
756
42
730
1
323
321
5
328
352
144
202
142
563
615
511
70
484
483
482
79
524
514
473
477
685
