666
664
165
538
691
697
694
345
341
342
549
719
718
717
716
715
714
120
127
528
415
298
413
296
294
295
418
591
590
319
592
199
198
195
312
197
196
191
190
314
270
275
276
278
279
524
525
526
520
362
361
443
442
440
445
444
381
383
384
103
101
104
39
38
31
30
36
641
640
647
436
434
433
431
605
578
339
338
335
334
571
570
331
330
333
574
62
63
64
65
252
69
251
256
257
255
602
730
732
735
737
736
738
502
503
630
631
632
469
544
638
639
463
164
90
167
95
161
96
742
559
745
748
554
557
550
552
236
230
1
146
144
145
142
140
149
649
355
352
685
687
216
210
763
767
133
132
130
498
499
494
495
490
25
26
27
20
323
404
400
280
283
285
678
679
676
670
671
672
576
263
261
266
265
268
58
57
56
53
537
378
534
532
371
373
375
377
376
709
705
700
393
114
390
113
82
81
86
118
85
429
421
420
424
427
308
582
301
303
304
305
589
245
244
241
243
242
615
249
248
519
539
511
601
512
515
514
516
623
459
621
626
625
624
452
453
454
455
175
170
183
654
656
657
180
2
652
653
651
186
188
659
310
757
756
754
562
563
567
229
228
226
223
220
12
15
16
18
726
116
720
151
153
152
155
154
603
156
158
609
750
79
45
42
43
322
465
320
321
5
325
328
200
203
202
205
77
70
487
484
483
482
481
78
473
476
477
