668
666
665
664
90
692
690
691
697
694
695
95
345
541
341
342
548
549
348
522
719
718
717
716
715
714
711
120
651
126
127
655
176
528
415
416
417
298
413
296
498
294
295
418
291
591
590
593
592
595
198
596
195
598
197
196
191
190
315
314
270
271
275
276
278
279
497
524
525
526
520
521
368
367
364
365
362
361
448
443
442
440
447
446
445
444
381
383
384
386
102
103
101
104
105
39
38
33
31
30
36
641
640
642
645
647
439
436
434
432
433
431
605
578
339
338
468
335
334
571
336
331
330
333
332
62
63
64
65
117
389
252
69
251
256
257
255
156
438
731
748
732
735
508
736
738
502
503
630
631
632
469
544
637
638
639
467
460
463
168
164
165
166
167
160
161
162
96
153
740
742
559
745
746
555
554
557
556
550
113
552
239
234
236
230
231
232
1
146
144
145
142
143
140
611
616
617
614
149
649
512
357
356
355
354
689
352
351
685
687
683
216
458
213
210
763
760
766
767
218
133
132
131
130
137
499
494
495
139
138
490
493
25
26
27
20
21
323
28
29
406
404
400
281
280
283
285
409
286
570
678
679
675
676
677
670
671
672
576
263
261
266
265
268
59
58
54
57
56
258
53
537
378
535
534
532
530
371
373
375
377
538
709
705
706
707
700
203
50
393
114
391
390
396
395
253
82
83
399
81
86
118
85
586
429
421
420
423
424
427
646
308
587
584
585
582
301
302
303
304
305
589
245
244
247
246
241
243
242
615
249
248
224
519
518
539
511
601
376
515
514
517
516
623
459
621
626
625
624
452
453
454
455
457
185
179
574
199
175
174
171
170
183
654
309
656
313
180
2
652
653
312
186
188
311
659
568
569
310
757
737
755
754
560
561
562
563
565
567
229
228
226
225
136
223
220
10
12
15
14
17
16
18
88
726
89
720
728
110
151
604
607
152
155
154
603
602
158
609
116
750
307
657
756
48
79
44
45
42
43
41
322
465
320
321
5
325
353
328
759
200
730
202
205
208
77
70
487
486
484
483
482
481
78
319
472
473
476
477
479
572
