344
346
347
340
342
343
348
349
2318
2319
2317
2314
2315
2312
2313
2310
2311
298
296
297
294
295
292
293
291
270
271
272
273
274
275
278
2268
2262
2263
2260
2261
2266
2267
2264
2265
2442
2440
2441
2446
2447
2444
2445
2448
2449
108
109
102
103
100
2047
2044
2045
2042
2043
2040
2041
2048
2688
2684
2685
2686
2687
2680
2681
2682
2683
645
99
98
90
93
92
95
94
96
1991
1990
1621
1620
1627
1997
1996
1998
1629
1628
2860
2861
2862
2863
2864
2865
2866
2867
2868
554
557
556
551
550
553
552
1198
1190
1193
1192
1195
1197
1196
1759
1758
1757
1756
1754
1753
1752
1750
1177
1176
1174
1173
1170
1178
1006
513
644
1285
1287
1004
1280
1283
1282
515
1289
1288
1579
689
688
1573
684
1571
1577
680
1575
682
623
1226
2966
1223
626
2741
1221
2740
624
2743
407
1370
1373
1372
1375
1374
1377
400
1379
1378
452
409
408
453
2747
1345
1346
457
379
378
370
373
375
374
377
376
393
392
390
395
394
399
398
2309
1247
2301
2300
2303
2302
2304
2307
2306
245
244
247
246
243
242
249
248
2275
2274
2276
2271
2270
2273
2272
2279
2278
2459
2458
2454
2457
2450
2453
179
178
177
176
175
174
173
172
171
2051
2052
2054
2057
2056
2059
2058
1500
655
1506
1507
1367
650
1505
1509
2699
2698
2697
2696
2695
2693
2692
2691
2690
1974
1973
1604
1968
1969
1618
1616
1965
1614
1615
1960
1961
1962
1963
2873
2872
2871
2870
2877
2875
2874
2879
2878
1768
1769
1762
1763
1761
1766
1767
1764
1765
1142
2965
1140
1141
1146
1144
1145
1148
1149
768
769
692
693
690
691
1542
1543
1540
695
699
1549
542
762
541
546
547
544
548
549
760
1784
1982
1785
1787
415
416
417
1388
411
412
413
1385
1386
1387
1380
1382
1383
3042
368
369
366
367
364
365
362
363
360
361
380
381
383
384
385
386
389
1253
2191
2192
259
2194
2195
2196
2197
2198
253
250
251
256
257
2200
2203
2205
2206
2208
2209
2428
2429
2420
2421
2422
2423
2425
2426
2427
901
168
169
164
165
167
160
161
162
163
2518
2519
2515
2517
2510
2511
2512
2734
2735
2736
2737
2730
2731
2733
2738
2797
678
1091
1814
1815
1816
1817
1810
1811
1812
1818
1819
1609
1608
1979
1978
1976
1975
1602
1605
1972
1971
1970
809
808
803
802
807
806
805
804
2848
2849
2846
2847
2842
2843
2840
1774
1777
1776
1771
1770
1773
1772
1779
2998
1158
2999
1154
1157
1156
1151
1150
1153
1152
1555
58
1551
1550
1553
1552
3038
1554
1557
1559
1558
57
3037
51
2995
53
2997
2990
534
532
531
2991
2992
539
56
3030
50
3032
52
536
429
428
1399
1398
421
1396
1395
1394
425
1392
427
1390
530
1680
2183
2182
2181
2180
2186
229
2184
227
226
2189
2188
223
222
220
2213
2211
2210
2217
2216
2215
2214
2219
2218
151
150
2439
2438
155
154
157
156
159
2430
2437
2435
2434
2509
2508
2507
2506
2505
2504
2503
2501
2727
2726
2725
2723
2722
2729
2728
1807
1806
1805
1804
1803
1802
1800
1808
1524
1949
1943
1947
1944
1945
818
1255
810
811
812
813
814
815
816
817
2859
1623
1622
2851
2853
2852
2855
2854
2857
2856
1490
1491
1492
1493
1494
1495
1497
1498
1499
1700
1701
1702
1704
1705
1709
1128
1129
1120
1121
1122
1126
1127
2989
2988
3029
2983
2982
2981
3024
3023
3022
3021
2984
524
525
526
527
1018
1019
522
523
1015
1016
1017
528
529
1012
1013
1234
1235
1236
1237
1230
1231
1232
1238
1239
438
2487
436
437
434
435
432
433
430
1630
555
2869
1162
2464
2949
2465
2466
238
239
234
2460
236
237
231
232
233
3068
2462
2229
2224
2225
2222
2223
2220
2221
1
146
147
144
145
142
143
140
141
2468
149
2088
2082
2086
2087
2084
2085
2539
2532
2533
2530
2531
2537
2534
2535
2712
2713
2710
2711
2716
2715
2718
1832
1833
1830
1831
1836
1837
1834
1835
1839
2154
2155
2156
938
2150
2403
2152
2153
931
930
2158
936
2408
934
1954
1957
1956
1951
1950
1953
1952
1959
1958
829
828
825
824
827
821
820
822
1993
1482
1481
1480
1487
1486
1485
1484
1489
1713
1712
795
1717
792
791
790
1719
1718
2413
799
798
2412
2415
1272
2414
1139
1138
2417
1133
1132
1131
1130
225
1136
1135
1134
2419
1276
2418
476
2063
3013
3010
3016
3017
3014
3015
519
518
926
1009
1008
1007
510
1005
512
1003
514
1001
1000
1227
622
621
620
627
1222
625
1220
629
628
1228
1535
2882
2883
2880
2881
2886
2887
2884
2885
2888
2889
2
1286
11
10
13
12
14
17
19
18
928
1534
201
200
203
202
204
207
208
685
687
2239
2238
2231
2230
2233
2235
2234
2237
2236
1574
2185
228
2095
2094
2097
2096
2091
2090
2093
2092
2099
2098
2525
2524
2526
2521
2520
2523
2522
2529
2709
2705
2704
2707
2706
2701
2700
2703
2702
1829
1828
1825
1824
1826
1821
1820
1823
2147
2410
2145
2144
2143
2142
2141
2140
920
921
922
923
925
2149
2148
2411
1920
1923
1924
1926
1927
1928
1929
832
833
830
831
836
837
835
838
839
3
1532
784
785
786
780
781
782
783
1726
1727
1724
1725
1722
1723
1720
1721
252
468
153
3005
3004
62
152
64
65
66
3002
68
69
3009
3008
1371
1588
1589
406
1582
1583
1581
1586
405
1584
1585
2433
1038
1039
508
509
506
403
1030
505
1036
1037
500
501
1212
1213
1210
633
634
635
636
638
639
1219
1983
2416
2899
2897
2896
2891
1454
1107
1456
1457
1102
1452
1101
1459
464
1109
788
789
1357
681
1576
2137
216
217
214
213
210
211
218
219
956
462
2550
2551
2553
2554
2555
2556
61
3007
3006
2390
2391
3001
2398
3000
2778
2779
3003
2770
2771
2772
67
2774
2776
1858
1859
1850
1852
1855
1857
2172
2170
2171
919
2177
2174
2175
915
914
2178
916
911
910
913
2604
2605
2606
2607
2600
2601
2603
2608
2609
1933
1932
1930
1937
1936
1935
1939
1938
458
847
846
845
844
843
842
841
840
1426
849
848
2406
1587
1739
1738
1731
1730
1732
1735
1737
753
752
751
750
757
756
755
754
759
1595
1594
1597
2958
1590
1593
1033
2954
2955
2956
2957
1599
504
2952
2953
1024
1027
1021
1020
1023
1022
502
1028
1034
605
604
607
1209
600
631
1205
1204
1207
1206
1201
1200
1203
1202
1211
935
1217
1447
1110
1113
1112
1115
1114
1117
1440
1119
1449
1448
1350
2401
463
489
488
487
486
485
484
483
480
1565
199
198
2066
197
196
191
190
193
192
2543
1106
2541
2540
2547
2546
2545
2544
2549
2381
2380
2382
2385
2384
2387
2386
2389
2388
2769
2768
1100
2763
2060
2760
2766
2765
902
903
900
1848
906
904
905
1842
908
909
1846
1845
2169
2165
2164
2167
2160
2163
2617
2616
2615
2614
2613
2612
2611
2610
2619
1908
1909
1906
1907
1904
1903
1901
854
856
857
850
852
853
858
6
741
742
743
744
745
746
747
748
749
1799
3063
3062
1798
3067
3066
3065
2948
2947
2946
2945
2944
2943
2942
2941
2940
1050
1051
1052
1054
1055
1056
1057
1058
1059
2917
1697
1694
1695
1692
1693
1690
1691
1699
1278
1279
619
1271
610
611
616
1275
614
615
711
1794
2469
1472
1473
1470
1471
1476
1477
1474
1475
1478
1306
1307
1300
1302
1303
1308
1309
498
499
494
495
496
497
490
492
493
25
26
20
21
22
23
28
1511
1600
1603
7
2288
2280
2282
2283
2284
2285
2286
2287
2578
2579
2577
2574
2575
2573
2570
2571
2378
2379
2374
2377
2370
2372
2373
2594
2595
2596
2597
2590
2591
2592
2593
2598
1876
1877
1874
1875
1872
1873
1870
1871
595
1878
977
976
975
974
973
971
970
596
182
183
180
181
186
187
185
2110
2111
188
2114
2115
2116
2117
2622
2623
2620
2621
2626
2624
2625
1919
1918
1910
1913
1912
1915
1914
1917
1916
869
868
861
860
863
862
865
864
867
866
2024
2757
2026
2755
2752
2021
2750
2751
2028
2029
2758
1729
883
882
881
880
887
886
888
657
63
774
777
776
771
770
773
772
779
778
77
76
75
2979
73
72
71
3059
3056
2973
3055
3052
2977
79
3051
1043
1042
1041
1040
1047
1046
1045
1044
1049
1048
1681
3027
1683
1682
1685
1684
1687
1686
1689
1688
358
3025
1269
1268
1263
2987
665
664
663
1266
661
660
2985
3020
1469
1468
1465
8
1467
1466
1461
1460
1463
521
1317
1316
1315
1311
1310
1319
1318
319
313
311
310
317
316
315
314
2756
2027
1334
2020
1337
2753
2022
2322
447
2023
1330
445
444
2324
2759
2461
2299
2298
2291
2295
2294
2569
2568
2561
2560
2563
632
2564
2566
2369
2368
2367
2366
2365
2363
2361
2360
2587
2586
2585
2584
2583
2582
2581
2580
2589
1861
1860
1863
1862
1865
1864
1867
280
1868
964
965
966
960
961
962
963
1613
968
969
2102
2101
2100
2107
2105
2104
2639
2635
2634
662
2636
2631
2630
2633
2632
1537
878
879
876
877
875
872
643
871
2037
2036
2035
2742
2745
2744
2031
2030
2749
2748
2038
890
891
892
893
895
896
897
898
899
649
1248
1617
1788
2964
2967
1967
2961
2960
2963
2962
1780
1612
1782
761
766
2968
1786
765
3048
3041
1611
3045
3044
3047
3046
1078
1079
1077
1075
1072
1073
1071
1674
1675
1670
1671
1672
1673
1094
1095
1097
1090
679
1092
642
674
675
676
670
1099
673
1533
2557
1418
1419
1410
1411
1413
1415
1417
1322
1323
1320
1321
1326
1327
1324
1328
5
1531
1256
1257
1254
1527
1520
1521
1522
1251
1528
1529
1258
308
309
302
303
304
305
307
1792
2978
74
2399
1625
70
2972
3057
2971
2976
1105
2974
78
2773
470
2358
2352
2353
2350
2351
2357
2355
112
1899
1894
1895
1896
1890
1891
1892
959
958
2134
2132
2133
2130
2131
951
953
952
954
2138
2139
477
2648
2649
2640
2642
2643
2644
2647
2994
2002
2003
2000
2001
2007
2005
2008
2009
666
717
2176
2910
2911
2912
2913
2914
719
718
2918
2919
1790
713
712
1795
710
1265
716
1264
1069
1068
2179
1061
1060
1063
1062
1065
1064
1067
1066
1669
1668
1667
1666
1665
1664
1663
1662
591
1086
593
592
1083
1082
1081
1080
598
1089
714
2828
1526
2824
2825
2826
2827
2820
2821
2822
2823
1409
1408
1403
1400
1407
1406
1405
1404
1546
1339
1338
1547
443
442
441
1336
1331
446
1333
1332
1545
696
39
38
33
32
31
1541
37
35
34
1241
1536
1243
1242
1245
1244
647
646
1249
648
1539
1538
339
338
335
334
337
336
331
330
333
332
2061
2118
2119
2542
1462
2345
2344
2347
2346
2340
2343
2349
2348
1455
1889
1888
1887
1886
1885
1884
1883
1882
1881
1880
2121
2120
2123
2122
2125
2124
2127
2126
946
2128
1084
942
943
940
941
2659
2658
1450
2650
2657
2656
2655
3039
133
132
131
130
137
136
138
1354
2019
2018
2015
2014
2016
2010
2013
2012
1453
3034
2903
2902
2901
2900
2907
2906
3035
705
706
707
700
701
703
88
89
82
83
80
81
86
87
84
85
3036
1658
1659
1262
1652
1653
1650
1651
1656
1657
1654
1389
586
587
584
585
582
580
581
588
589
2838
2837
2836
2835
2834
2833
2832
2831
2830
1437
1434
1432
1433
1430
1431
1438
1439
1260
59
1348
459
450
451
1342
1343
1344
455
456
1347
517
656
1503
654
1501
652
653
1504
651
3033
658
659
1992
948
55
2129
947
54
1292
1376
323
320
321
326
327
324
325
329
1340
2818
2331
2332
2333
2334
2336
2337
2339
1341
2959
1592
2488
2489
2486
2950
2484
2482
2483
2480
2951
2248
2249
2652
2246
2247
2241
2242
995
994
997
996
991
990
993
992
999
998
120
121
122
123
124
126
127
128
129
2654
520
1295
2069
2798
2799
2792
2793
2790
2791
2796
2065
2794
2067
2666
2664
2665
2662
2663
2660
2661
1748
2668
2669
2936
2937
2934
2935
2932
2933
2930
2931
1644
1647
1646
1641
1640
1643
1642
1649
1743
579
578
573
572
571
570
577
576
575
574
2808
2809
601
2800
2801
2806
2807
2805
1421
1420
1423
1422
1425
1424
1427
2407
1429
602
2404
731
730
733
2405
735
734
737
736
739
738
1359
1393
469
2400
465
1352
1351
466
461
1356
1355
608
937
2159
1519
1518
1514
1274
1513
1512
281
723
617
357
356
355
354
353
352
351
350
1032
2323
1111
2321
2320
2327
2326
2325
1446
2329
289
288
1793
1443
283
282
285
284
287
1442
1441
1116
263
262
261
260
267
265
264
269
268
1562
2499
2498
2491
2490
258
2497
2496
1566
2258
2257
2256
2255
2254
2253
2252
2251
2250
2477
2476
2475
2474
2471
2470
983
980
981
986
987
2479
985
115
114
117
116
111
110
113
2199
119
2785
2784
2787
2786
2780
2782
2079
2078
2072
2071
2070
2077
2076
2074
1796
2671
2670
2673
2672
2675
2674
2677
2679
2678
2929
2928
2921
2920
2922
2925
2924
2927
1208
708
709
1986
1632
1634
1635
1637
1638
1639
2904
1988
1989
2815
569
2817
2816
2811
2810
2813
2812
560
561
563
2819
565
566
567
1188
1189
1187
1182
1181
726
727
724
725
722
1749
720
721
1744
1746
1747
1740
1741
1742
729
1164
1165
1166
1167
1160
1161
640
1163
1168
1169
1366
48
49
47
44
45
42
2034
41
1568
1569
1298
1365
1560
1293
1290
1291
1564
1297
1294
1567
1360
796
2033
1711
793
1716
590
2032
1714
472
473
1364
471
1362
1363
474
1361
478
479
2916
1368
1369
