344
345
346
341
342
343
348
719
718
717
716
715
714
711
710
298
296
294
295
291
591
590
593
592
595
198
597
596
195
598
197
196
191
190
192
270
271
274
275
276
278
279
524
525
526
520
521
522
528
449
448
443
442
440
447
446
445
444
102
103
101
107
104
105
39
38
33
32
31
30
36
601
641
640
642
645
647
646
436
434
435
432
433
431
339
338
335
334
336
331
330
333
332
558
748
91
90
93
95
97
96
153
740
742
559
745
746
555
554
557
556
551
550
552
239
234
235
236
230
231
232
1
146
618
145
142
143
140
611
616
617
614
149
689
685
687
683
458
622
133
132
131
130
498
499
135
494
495
139
497
490
493
25
26
27
20
21
28
29
407
406
404
402
400
629
409
628
378
371
373
375
377
376
709
705
706
707
700
144
393
88
390
397
396
395
176
82
83
399
81
86
85
586
587
584
585
582
589
245
244
247
246
241
243
242
615
249
248
519
518
511
510
513
512
515
514
517
516
623
459
621
620
626
625
624
450
451
452
453
454
455
457
179
177
199
175
174
173
171
170
657
654
656
183
180
2
652
653
650
651
186
188
189
658
659
185
10
12
15
14
17
16
18
322
323
320
321
327
325
328
329
562
200
203
202
205
208
77
72
70
655
567
79
78
668
666
665
664
214
660
692
690
691
696
697
694
695
542
543
541
544
545
8
548
549
120
126
127
765
415
416
417
413
137
418
136
319
313
312
311
310
315
314
138
368
366
367
364
365
362
361
381
383
384
385
386
389
605
578
572
571
570
576
574
60
61
62
259
64
65
252
69
251
256
257
255
156
731
730
732
735
737
736
738
502
503
500
630
631
632
469
468
636
637
638
639
467
461
460
463
462
168
164
165
166
167
160
161
162
438
439
649
357
356
355
354
353
352
351
216
217
768
769
213
210
763
760
766
767
218
219
4
281
280
283
285
287
286
678
679
675
676
677
670
671
672
673
263
261
260
267
266
265
268
59
58
55
54
57
56
258
53
537
535
63
532
530
539
538
50
114
117
116
110
113
253
119
118
429
534
421
420
423
422
425
424
427
308
309
301
302
303
304
305
152
307
568
569
750
757
756
755
754
560
561
759
563
565
701
229
228
226
225
224
223
222
220
391
726
724
89
722
720
728
151
604
607
606
155
154
603
602
158
609
48
49
47
44
45
42
43
41
465
5
508
488
487
486
484
483
482
481
472
473
476
477
474
479
