666
664
90
691
697
694
345
541
341
342
549
348
719
718
717
716
715
714
120
126
127
176
528
415
416
417
298
413
296
294
295
418
291
591
590
319
592
595
198
587
195
312
197
196
191
190
314
270
275
276
278
279
524
525
526
520
522
367
364
365
362
361
448
443
442
440
445
444
381
383
384
102
103
101
104
39
38
31
30
36
641
640
645
647
646
436
434
432
433
431
605
578
339
338
468
335
334
571
336
331
330
333
332
258
63
64
65
252
69
251
256
257
255
156
731
748
732
735
508
736
738
502
503
630
631
632
469
544
638
639
463
168
164
165
166
167
95
161
162
96
740
742
559
745
746
555
554
557
556
550
113
552
239
236
230
231
1
146
144
145
142
143
140
439
616
149
649
512
355
689
352
685
687
683
216
730
213
210
763
766
767
133
132
130
498
499
494
495
490
25
26
27
20
21
323
29
406
404
400
281
280
283
285
409
570
678
679
676
670
671
672
576
263
261
266
265
268
59
58
57
56
62
53
537
378
534
532
530
371
373
375
377
538
709
705
707
700
50
393
114
88
390
396
395
253
82
83
399
81
86
118
85
429
421
420
423
424
427
308
309
585
582
301
303
304
305
589
245
244
241
243
242
615
249
248
519
518
539
511
601
376
515
514
517
516
623
459
621
626
625
624
452
453
454
455
457
574
199
175
174
171
170
657
654
656
183
180
2
652
653
651
186
188
659
569
310
757
737
754
561
562
563
567
229
228
226
225
136
223
220
10
12
15
14
17
16
18
726
89
720
110
151
153
152
155
154
603
602
158
609
116
750
307
756
79
44
45
42
43
322
465
320
321
5
325
328
759
200
203
202
205
208
77
70
487
655
484
483
482
481
78
473
476
477
