1321
165
1949
1947
813
814
815
2910
2911
2914
2917
717
1792
2852
713
2854
2857
1490
1493
1495
1497
1069
1701
916
1705
1393
1065
2313
1067
2311
1669
1668
1664
292
293
291
591
593
592
595
198
1081
596
598
1122
191
1089
1127
271
275
2824
2825
1540
2820
2989
2547
2983
2982
2981
3023
3022
524
2380
526
1105
2385
2386
2389
2388
1016
1400
2266
2267
2264
2265
1234
692
1236
2768
1339
1336
447
2766
2285
109
100
589
2007
1543
2044
1848
2488
2040
905
909
2048
2511
1535
1534
2169
1532
438
2165
1248
1448
435
1539
2617
2616
2612
2611
741
334
242
331
330
2619
1909
1906
1907
852
853
2686
2683
151
99
2482
90
93
94
1622
1621
549
1627
2273
1997
1996
1628
1463
2861
742
744
745
2866
2465
551
550
553
3067
239
2949
237
231
1050
1051
2347
3068
2340
1057
2224
1192
2223
1196
2851
1692
1691
1754
1753
1699
146
1279
619
1173
2344
1271
611
1275
1276
1178
2346
711
1889
1887
2702
1883
513
1881
1880
1285
2088
2122
1280
1283
2126
2082
1003
2086
2087
2084
941
1473
1471
688
1475
1573
684
1571
682
1348
1306
1302
2652
1308
2654
132
498
499
2590
2221
492
1222
1833
1830
1836
1697
1839
28
2035
1371
406
1373
1372
403
2152
2153
1379
2745
931
2016
56
452
935
1758
1950
457
183
829
370
821
377
376
1177
2900
2907
179
147
706
707
227
390
1487
2310
82
142
399
1066
87
85
2309
1712
792
791
2300
2303
1773
2304
2307
2306
1658
691
2755
2288
412
580
2280
1132
1131
1130
2284
1136
1134
247
2881
2838
2837
2836
2830
1437
1434
2063
1432
1433
2578
1431
3013
2574
1439
518
2379
510
1005
2370
1001
2373
458
1226
621
2597
1223
2458
624
223
1342
2598
1345
2453
1347
1084
1870
178
176
174
172
171
2051
656
2052
973
971
2056
2058
2889
1882
182
2119
186
1505
2111
188
1509
659
2622
2121
2626
2624
651
316
1663
1910
1914
1917
1916
11
868
12
2127
2459
860
865
864
866
2024
2757
2027
2752
2021
2750
2128
2693
2692
2758
2690
881
887
886
888
940
2147
1968
1969
1615
1961
1963
323
320
325
329
1477
2872
2871
202
770
207
2874
948
76
831
3059
3056
3052
1478
869
1041
2334
1045
1044
2231
2339
2233
2234
2237
1681
1685
1684
1506
1762
1766
2549
1764
1141
229
1263
666
1148
1260
663
662
660
2094
2097
2091
2090
2093
226
2098
2525
690
2526
696
2520
2523
695
2487
2484
699
2529
2480
1220
648
548
2247
2241
2242
2464
1316
2466
2460
2461
992
2705
2707
2468
2469
1318
121
122
126
127
2217
14
365
2215
1826
1823
529
928
2069
2144
2143
2142
2417
1187
920
1386
2791
1380
1382
58
1346
313
2769
315
59
1926
1929
2438
833
830
497
2556
2666
2665
2662
369
366
493
362
360
361
952
2936
2934
2698
2932
2933
2931
380
381
923
384
784
785
786
1646
781
783
2028
1725
1649
1723
2029
383
2759
1164
579
2298
573
774
2291
577
61
258
1167
64
2195
2197
2198
253
250
256
2807
2805
2568
1422
1424
2206
1426
2561
1583
2563
1587
1584
2566
730
733
1039
734
508
509
739
2150
504
2363
1037
500
501
1212
2429
632
1211
469
468
2580
464
2422
2423
1357
1647
2426
1354
1861
1860
1862
1867
1868
162
1640
904
963
634
1106
1457
1450
1672
1453
2515
2101
2100
2510
1459
2105
2734
2736
2639
2635
1722
2738
2630
789
1845
956
34
1814
879
877
875
1819
2741
2740
2743
642
2033
2030
2748
2038
892
893
1247
898
899
1150
649
2164
1609
1978
1976
1604
357
356
354
807
806
805
358
216
217
768
769
2963
762
1102
760
2842
2968
218
3048
788
3041
2182
3042
2323
2322
1777
1776
2327
2325
1569
1071
608
1675
283
571
287
1673
1095
1083
1097
2509
1092
1156
670
1099
1153
1152
938
260
267
1555
1554
1551
1553
3038
1533
1557
2191
2990
2991
57
3037
3030
2995
53
52
55
3006
2501
2390
2490
1567
2253
2398
1417
2779
644
1327
1324
2470
2770
2994
1328
3002
986
2479
1052
117
2751
111
112
3033
1080
1858
1531
773
2806
1852
3008
2809
2170
2177
208
421
914
2071
2070
2077
427
2074
2604
309
2606
2607
2600
304
2609
307
1933
1932
1930
1937
1935
2728
846
844
843
842
840
1795
1429
2673
2675
2677
2250
2920
2924
2927
1405
2474
1884
2906
1630
1632
1983
1637
1731
1730
2904
1404
2977
983
980
1467
753
569
751
473
757
2810
2812
561
2818
3015
1594
2037
2186
1593
1592
2954
1047
2189
1599
2365
776
1021
629
1188
1036
2219
2218
1182
1028
1181
724
1748
723
2352
2353
2350
2351
1740
1049
2355
605
152
1160
600
1162
602
1207
1201
1200
2434
1387
1895
1890
1489
1217
959
2134
81
2132
2130
49
2583
953
45
42
2138
41
1568
456
1443
1114
1117
2508
1442
2505
1291
2503
1566
1295
2648
2649
1350
2582
2640
2643
2729
2647
1689
463
488
487
485
483
1807
1806
1804
1310
1546
1808
1366
1367
470
1365
476
477
2005
478
479
506
