608
663
660
2091
2090
2093
2098
692
690
2526
1543
2484
699
549
814
2914
1310
369
2468
711
1318
1490
1069
1705
3048
1823
2144
412
1668
920
2063
293
592
1083
1081
1122
275
2820
833
830
831
2983
2380
526
2665
2386
2388
1016
1405
1234
1833
304
2934
2932
2933
380
691
100
784
2044
1646
2040
1740
1725
1722
1723
1845
109
1532
438
2165
1248
1539
2617
579
2611
61
1167
64
1909
1906
1907
2807
2805
1424
852
2127
1584
2566
1372
508
739
2686
1036
500
2583
551
1357
2426
1354
1862
1621
813
1627
904
963
1106
1457
1672
1453
2101
741
2639
745
2866
2738
2630
553
2048
237
231
1814
1051
1057
877
875
1196
2741
2740
2035
1534
1692
1279
142
1531
898
1271
1099
648
1884
1881
1280
1283
2082
1105
1473
1477
684
1478
805
217
1302
762
1308
218
2654
132
499
497
2323
2322
1776
28
1373
938
403
2152
2745
2016
935
1097
670
1150
1153
260
59
2990
2490
57
2995
52
829
821
2250
2779
2474
2907
1324
2770
706
1067
399
87
85
1858
1712
2300
2304
2307
3008
899
421
914
1393
2604
309
2600
1669
2280
1132
2284
242
2837
2836
2728
1434
844
842
2310
1439
2675
510
376
2370
1226
621
624
1342
2598
1345
1347
2900
1870
176
172
1630
971
1664
886
2111
1509
659
2812
2182
2037
1593
1592
227
226
2189
223
1914
2334
12
1021
14
1182
864
724
1748
2021
2750
2698
2352
2350
2351
2028
2029
2355
152
600
1201
1200
550
1890
1489
959
2130
1615
2138
41
1568
1117
2505
1291
2503
688
2648
2649
202
770
773
2874
2640
948
2033
2647
3056
483
1047
1045
1044
1681
473
477
1689
