2580
1200
165
592
344
346
347
340
342
343
349
1739
595
2319
2317
1102
2313
2310
2311
298
295
292
293
291
199
198
191
1139
192
270
271
272
274
275
278
2543
2542
2540
2547
2546
2545
1107
2549
2380
2268
1457
2385
2384
2387
2386
2262
2263
2260
2261
2266
2267
2264
2265
2442
2769
2441
2447
2448
2760
2766
2765
109
1135
103
100
1134
2047
2044
2045
2042
2043
2040
905
1842
908
909
1846
2048
2169
2512
2165
2164
2160
2617
2616
2614
2613
2612
2611
2610
2619
1930
1908
1909
1906
1907
1904
1903
1901
854
856
850
852
853
858
1116
1731
2688
6
2686
2681
2683
99
98
90
93
94
96
1623
1990
1621
1620
1627
2273
1997
1996
1629
1628
2861
2862
743
2864
2865
2866
2867
555
2869
557
551
550
553
2278
3063
3062
3067
3014
2949
2948
2946
2945
3068
2943
2942
2941
2940
1050
1051
1052
1331
1055
1056
1057
1193
1192
1196
1697
1695
1692
1693
1759
1758
1757
1756
1754
1753
1752
1750
1177
1279
1174
1173
1170
1271
611
1274
617
1276
1178
3008
2857
615
2856
513
1285
1287
1280
1283
515
1288
1472
1473
1579
1471
689
688
1475
1573
684
1571
1577
680
1575
682
1348
1306
1300
1302
622
1308
498
499
2459
497
492
626
25
26
1221
2740
624
28
2035
407
406
405
1372
403
1374
1377
400
1379
1378
452
409
1700
628
2031
1701
455
1346
457
379
378
370
373
2038
374
377
376
179
178
390
1622
394
760
399
2309
1812
2301
2300
2303
2304
2307
2306
171
7
2288
2051
2280
459
2283
2284
2285
2287
245
244
247
2052
243
242
248
2275
2274
2276
2271
2057
2578
2272
2577
2574
2056
2279
2573
2379
2374
2377
2370
2372
2373
2595
2596
2597
2590
2458
2592
2593
2454
2457
2598
2453
1448
1876
1874
1875
1873
1870
1871
177
176
174
172
1878
977
976
974
973
2054
971
970
2058
596
182
183
2
186
185
2111
188
2114
2115
2116
2622
2623
1367
2626
650
2624
1505
1918
1126
1910
1913
1914
1917
1916
869
868
861
860
863
862
865
864
867
866
2024
2757
2755
2020
2021
2022
2698
2697
2693
2692
2691
2690
883
881
1602
887
886
1605
888
2529
1115
1968
1969
63
1965
1614
1615
1612
1961
1962
1963
1363
2872
2871
2870
770
2875
2874
2879
778
77
76
75
2979
73
71
3059
3056
3057
3055
3052
2977
3051
1043
1041
1047
1046
1045
1044
1049
1048
1681
1680
1768
1682
1685
1684
1762
1763
1761
1766
1767
1764
1765
1140
1141
1146
1144
1145
1263
666
1148
1149
663
1266
1265
660
769
2984
692
693
690
691
1542
1543
1540
695
699
542
1780
541
546
547
544
1465
8
548
549
1461
1460
1463
1019
1317
1316
1315
1310
1982
1319
2843
2389
2388
664
1017
528
1747
529
415
416
1012
412
413
1386
1387
1380
1382
319
313
311
310
317
316
315
314
2768
1230
1292
2756
2027
368
369
366
367
364
365
362
363
360
361
2699
2322
1238
2751
1239
380
381
383
384
386
1773
2028
1772
2029
2758
1223
2759
911
2299
2298
1779
2291
631
2294
2191
258
2195
2196
2197
2198
2199
250
251
256
257
2200
2568
2203
1034
2206
2561
2209
2563
632
2564
2566
2367
2366
2365
2363
2361
2360
2429
2585
2583
906
903
2420
2421
2422
2423
900
2426
2427
1861
1860
1863
1848
1864
1867
1868
162
163
964
960
904
962
963
2519
2515
2101
2517
2510
2511
2105
2104
2734
2735
2736
2737
2639
2635
1729
2636
2738
2630
2633
1106
1845
2968
1091
1814
1815
1816
1817
1810
878
879
877
875
1818
1819
2037
2036
2743
642
2745
2747
2030
2748
1157
1244
890
891
892
893
1531
896
897
898
899
1150
1249
648
2401
1152
1609
1608
1979
1978
1976
1975
1974
1973
1604
1971
808
1617
803
802
807
806
805
1788
2964
2967
2966
2960
2963
2849
762
2847
1782
1536
2842
1785
1786
1787
3048
3041
3042
3047
1777
1776
1078
1079
1535
1072
320
1071
1294
3030
1674
1675
1670
1672
1673
1094
1095
1097
678
1158
1092
2999
676
1156
1151
1099
1153
673
1555
58
1551
1550
1553
1552
3038
1554
1557
1559
2991
57
3037
2994
2995
53
3033
1418
2990
534
532
531
54
1410
1411
1413
1415
539
1417
1322
56
1326
1327
1324
1558
51
1328
2910
776
3032
2997
773
1256
428
1254
1255
1520
1253
1398
421
1396
1395
1393
427
1390
309
530
304
305
307
2257
1468
2399
2779
70
2972
1321
2973
2771
78
2772
2773
2238
2774
3015
2182
2186
2185
228
227
226
2189
2188
223
470
2211
2210
2217
2216
2215
114
2219
2218
2358
2230
2352
2353
2350
2351
2357
2355
151
150
153
2438
2433
112
2437
2435
2434
1894
1895
1896
1890
1891
1892
959
2137
2134
2132
2130
951
953
952
954
2138
956
1449
2509
2508
2851
2505
2504
2503
2501
2648
2649
2640
2642
2643
2729
2647
1689
1688
1807
1806
1805
1804
1802
1808
2002
2000
2007
2005
2008
2009
619
1790
1269
1268
718
2100
1524
1949
1943
1947
818
717
919
813
814
815
2859
2911
1799
2913
2914
719
2917
2918
2919
2852
713
2854
711
710
1490
1491
1492
1493
1495
716
1497
1264
1069
1068
2179
1704
1705
1061
425
1063
1062
1065
1064
1067
1066
1258
1669
1668
1665
1664
1663
1662
1128
1086
593
1084
1083
1081
1080
1120
598
1122
1089
1127
714
2828
1526
2824
2825
2820
2821
2823
2989
2988
3029
3027
2982
2981
3023
3022
3021
3020
524
526
527
521
522
523
1403
1015
1016
1400
1407
1406
1405
1013
1234
1546
1236
303
1339
1232
1547
1334
441
1336
447
1330
445
444
696
832
39
38
2523
33
31
34
1537
640
643
1242
645
644
1247
646
649
1248
434
435
432
1539
339
338
741
335
334
337
336
331
330
332
744
745
1938
747
1796
554
1469
2118
1111
2752
2063
1635
437
2119
1466
2700
1023
3065
774
994
1022
238
239
234
2460
236
237
152
231
232
233
2345
2344
2347
2346
2340
2343
2224
2225
2349
2223
2220
2221
1
2705
146
147
144
1528
142
140
2701
149
1889
1887
1318
1883
1882
1881
1880
2121
2120
2088
2122
2125
1467
2127
2126
946
2128
2848
2086
2087
2084
2085
768
2539
1356
2532
2531
2537
2534
2535
2713
2710
2658
2716
2652
2718
2650
2657
2348
133
132
131
137
136
1832
1833
1830
1831
1836
1834
914
1839
2406
2155
2405
2150
2018
2152
2153
2015
931
930
2408
2012
1690
1691
1954
1957
229
1950
1953
1952
1959
916
829
828
825
1699
821
822
2903
1278
2900
2907
2906
2904
705
706
707
700
703
1482
1481
145
1487
1486
1484
82
1489
81
86
87
85
1713
1712
795
1716
791
790
1719
2145
1658
2144
1652
2415
1290
1651
1657
1654
2414
1857
1986
584
582
580
581
616
1131
1130
225
1136
588
589
2233
614
2838
2837
2836
2835
2834
2832
2830
1437
1434
2791
1432
1433
1431
3013
2793
3016
3017
1438
1439
1260
518
1007
510
1005
512
1003
514
1001
1227
1226
621
620
627
1222
625
1220
1340
451
629
453
1344
1345
456
1347
2882
2060
2880
2881
2886
2887
2884
2885
2888
2889
656
657
655
1506
1504
651
1509
659
1599
2123
2741
2124
11
10
13
12
14
17
19
55
2082
1884
753
928
750
940
941
755
323
1534
321
326
327
324
325
329
1477
201
200
203
202
207
208
679
565
1478
2239
2331
2332
2334
998
1594
2231
2339
1132
1341
2234
2237
2959
712
1342
1592
2659
2094
2097
2096
2091
2090
2093
2099
2098
2525
2526
2520
2488
2489
1343
2487
2484
2482
2483
2480
2248
2249
2247
2241
2242
2464
2465
2466
991
2461
2462
992
1533
2704
2707
2706
2468
2469
2703
2702
121
122
124
126
127
128
129
2654
1829
1295
1824
1826
1820
1823
2147
2069
2798
2799
2143
2142
2417
2140
2419
2418
2790
923
2797
2066
2148
2411
1924
1926
921
1929
670
833
830
831
836
837
835
2666
3
2665
2662
2660
2661
1237
493
2669
2413
2664
2936
2934
2935
2932
2933
2931
948
1532
784
785
786
1646
780
781
1643
1642
1726
1727
1724
1725
1649
1723
1721
605
579
578
573
572
571
570
577
2439
575
925
3005
3004
62
3006
64
65
3003
3002
69
2801
2806
2807
2805
1371
1588
1422
1425
1424
1427
2407
1582
1583
1163
1373
1584
730
1038
938
734
508
509
506
2019
504
1036
1037
500
2403
1212
1213
1359
1211
634
468
636
1644
1352
466
1357
1647
463
1354
1169
1641
2416
1640
687
2016
1129
2897
2896
2891
1454
1455
1456
1105
1450
1518
1100
1453
1514
1511
1459
783
1722
789
1275
681
723
59
357
356
355
354
353
352
351
1032
216
217
213
211
218
219
920
788
2139
2323
438
2321
2320
2327
2326
2325
2324
2329
289
288
1112
281
280
283
282
284
287
1114
1117
1440
576
262
260
267
1792
2753
1121
269
268
436
2551
2553
2556
61
2491
2490
2192
2496
2809
2750
2390
2258
1337
2255
2254
2253
2398
2250
2476
2475
2474
2471
2470
2770
983
980
981
986
2776
2033
252
117
111
110
253
1858
2784
2787
2786
1852
2983
2079
2078
2176
2177
2072
2071
2070
2077
2076
2074
2604
2605
2606
2607
2600
2601
2603
2608
2609
742
1933
1932
665
1589
1937
1935
1939
2728
458
847
846
844
843
842
840
1426
1795
849
848
2671
1429
2673
2675
2677
2560
2679
2678
1209
52
2929
2928
1581
2921
2920
2925
2924
2927
1587
708
709
1630
1738
1632
1634
1983
1637
1638
1730
1732
662
1404
1988
1039
2815
569
751
2816
757
2810
2813
2812
560
561
661
563
2818
567
1595
739
1597
2958
1590
1593
1033
2954
2955
2956
2950
2951
2952
1021
1020
1188
1189
1187
1862
1182
1028
1181
726
724
725
1748
1749
720
721
1744
1746
501
1740
1742
1743
1164
1166
1167
1160
600
1162
602
1205
1207
1206
1201
608
1203
1202
633
469
935
80
2479
1217
749
1366
48
49
47
45
42
2034
41
1568
1569
1298
471
1443
1442
1441
464
3000
1562
1291
1564
1565
1566
1567
1350
474
2582
796
461
591
733
450
2425
2589
489
488
487
486
485
483
478
792
590
1714
2170
472
473
1364
1365
476
477
1360
1361
358
479
1368
1369
