165
1949
1947
813
2910
2911
2914
717
2852
713
2854
711
1493
1495
1497
1701
2070
1705
1067
2311
1669
1668
1664
292
293
591
593
592
595
198
1081
596
1089
1127
271
275
2824
2825
2820
2983
2549
3022
524
2380
526
1457
2386
2266
2267
1405
1404
692
1339
447
2766
691
1848
2523
2040
905
909
1845
34
642
1532
438
649
648
435
2616
2861
334
331
1906
852
853
2686
99
90
93
94
1622
549
2273
1997
1996
1628
2242
741
742
2866
551
550
3067
2949
237
1050
2344
2346
1057
992
2223
2221
2851
1691
1754
1699
146
147
619
1173
1051
1271
611
1275
1276
2857
1889
1887
1882
1880
2121
2088
1280
2127
2128
2086
940
941
1471
688
1475
1571
458
1306
1302
2654
132
498
499
2590
1196
492
1833
1830
1697
624
28
2743
1371
1373
1372
403
2152
2153
1379
2033
2016
935
1758
1950
2488
829
821
605
2900
2904
706
2310
82
399
81
85
2309
792
791
2300
2304
2306
1658
2288
2417
580
2280
1131
2284
1136
1134
247
242
2837
2836
1437
923
1432
1433
2578
1431
3013
2574
1439
2379
510
1005
1003
1001
2373
1348
1226
621
2459
1222
1220
452
2453
457
1084
179
178
176
174
172
182
2052
183
2058
2889
656
2119
186
1505
1506
1509
659
2622
1285
2626
1663
2111
1916
869
868
12
1283
860
865
2024
2757
2027
2752
2021
2750
2698
2693
2029
2758
2759
881
888
1969
1615
323
325
329
2871
202
770
207
2874
948
2954
76
1223
3059
3056
1478
1041
2334
1045
1044
2231
2339
1049
1681
1685
1684
1762
1766
2981
1764
1263
666
1148
1260
662
660
2094
2097
2091
2090
2093
2098
2525
2526
696
1540
695
2487
2484
2529
2480
548
2247
2241
1463
2464
2465
2461
1310
2705
2468
2702
121
122
127
2217
14
1826
1823
529
2147
2144
2143
2142
412
920
1386
2791
1380
1382
316
1926
1929
830
497
2666
2665
2662
365
362
360
952
2936
2932
2933
380
384
784
785
786
1646
781
783
1725
788
789
1164
579
2298
571
61
258
152
64
2195
2197
2198
253
256
3008
2805
2568
1422
1424
2206
1426
2561
2563
1584
733
1039
508
739
2365
1036
1212
1211
2583
1217
464
2422
1350
1357
1647
2426
1861
1860
1862
1868
162
963
1106
1105
1102
1453
2515
2101
2007
1459
2734
2736
2639
1649
2738
1814
877
875
2741
2740
2035
1534
2745
2030
2748
892
893
1247
898
899
1248
1609
1978
1976
357
356
354
806
805
358
216
217
768
769
762
2968
218
3048
2182
41
2322
1776
2327
1071
1672
1095
1083
1097
2509
670
1099
1153
1152
938
260
267
1555
1551
1839
1553
3038
58
2556
2990
2490
57
56
53
3033
1566
2390
2991
1448
1417
1327
1324
2770
983
1328
3002
986
2479
117
112
52
1858
2806
1852
2170
2177
208
914
2071
916
427
2074
2604
309
2606
2607
2600
304
2609
307
1932
1930
1935
846
844
843
842
840
1429
2673
2677
2250
2920
1630
1731
1730
980
1467
753
751
757
2812
2818
1594
2037
2186
1593
227
226
2189
1021
2215
2219
2218
1182
1028
724
1748
2352
2353
2350
2351
1740
2233
2355
151
1167
1160
600
602
1207
1201
1489
2582
959
11
49
45
42
956
1568
1443
1114
1117
2508
2505
2503
2501
1567
2648
2640
2643
2729
2728
487
485
483
1807
1806
1546
1808
1366
473
470
1365
477
2005
478
479
506
