4026
4024
4025
4023
4020
4021
4028
4029
344
347
340
341
3999
343
3997
3996
3995
3993
3990
2318
2316
2317
2312
2310
2311
296
297
295
292
3771
3777
3776
3774
3778
270
272
273
274
275
276
277
279
2814
2268
2263
2260
2261
2267
2264
2442
2441
2446
2447
2444
2445
2448
108
109
102
106
104
105
2047
2045
2040
2041
2048
3155
3519
3518
3513
3515
3514
2688
2689
2684
2686
2680
2681
342
3390
3998
3393
99
3392
91
95
94
1433
3207
1990
3205
1992
3203
1994
1997
1624
1998
1629
1628
3208
2860
2862
559
2865
2866
2867
2868
554
557
556
551
553
552
1199
1198
3348
3349
3343
3340
1192
3346
3347
3344
1196
1759
1758
1757
1756
1755
1754
1753
1751
1750
1176
1175
1174
1173
1172
1171
1170
1179
1178
1287
1286
1281
1280
1283
1282
1003
1289
1288
689
517
1573
1572
687
1570
1577
1576
1575
682
459
3434
3435
2036
624
407
1370
405
1372
1375
1374
401
400
1379
1378
452
409
408
3835
3836
3837
3830
2747
2030
3839
455
4032
4035
4034
4037
4036
4039
1245
379
378
371
372
374
377
1987
393
391
396
395
399
398
1247
2301
2300
2305
2304
2307
2306
3749
3746
3747
3743
244
247
240
243
242
2275
2277
2276
2271
2270
2273
2278
2459
2458
2454
2456
2451
2450
2452
179
178
174
173
2051
3699
2053
2052
2055
2057
2056
2059
2058
3692
3695
1501
3089
3088
650
3526
3527
3524
3525
3522
3520
3521
3528
3529
2699
2698
2697
2696
2695
2694
2693
1975
2691
2690
3221
3220
1606
3232
3233
3237
3234
3235
1964
1617
1614
3239
1960
1613
1610
1611
1749
2871
2870
2875
2879
3354
3351
3350
3353
3359
3953
1768
1361
1762
1763
1761
1766
1767
1765
1142
1143
1146
1147
1144
2964
1148
692
1547
690
691
696
1541
698
699
1548
1549
542
543
546
545
760
414
417
1388
1389
412
1384
1385
1387
1380
419
3827
3824
3823
3822
3820
3829
3042
369
366
364
365
362
363
381
383
385
386
388
1369
3750
3753
3755
2190
2191
2192
259
2194
2195
2196
2197
2198
2199
250
256
254
255
2200
2202
2204
2205
2206
2429
2420
2421
2422
2423
2424
2425
168
169
164
166
161
163
3689
3688
3681
3685
3684
2518
2519
2517
2511
2512
2513
2734
2735
2736
2737
2730
2732
2733
2738
2739
2797
3531
3530
3533
3532
3537
3536
3538
1814
1817
1810
1811
1812
1813
1818
1819
1098
1099
1608
1979
1978
1601
3224
1603
1602
1973
1972
1971
3222
809
803
802
800
807
806
805
804
2849
2846
2844
2845
2842
2843
2841
3320
3323
3325
3326
3328
1775
1774
1776
1771
1773
1772
1779
1778
2806
327
1158
1550
1155
1150
1153
1152
59
58
2998
2999
1553
1552
3038
3039
1557
1556
55
2991
3036
3037
3030
2995
3032
2997
1559
534
532
531
530
538
2993
1558
2994
3541
2996
3295
3296
536
1903
429
428
1398
421
1394
425
1392
1391
3812
3817
3814
3819
3456
852
1443
1840
1970
2183
2180
229
2184
227
226
224
222
220
2212
2214
2218
153
2438
154
157
159
2432
2436
2435
2434
2509
2507
2504
2503
2502
2500
2727
2725
2722
2721
2720
2728
3782
1806
3780
3781
1803
1802
3784
3785
1808
3258
3259
1949
1942
1943
3252
3253
1946
3255
3257
818
810
811
812
814
815
816
1521
2859
1622
2850
2853
2852
2855
2854
2857
2856
1490
1491
3331
1620
1494
3336
1496
1497
1498
1499
3339
1701
1702
1703
348
3201
1706
1709
424
3658
2834
1120
1121
1125
2989
2988
3029
3028
3026
2981
2980
3023
3022
3021
2984
1090
525
527
521
522
523
1016
1017
528
1011
1013
1235
1231
1233
305
3954
439
437
434
435
430
431
3809
3807
3806
3801
3803
2864
558
3065
2465
2467
239
234
230
2945
232
233
3068
993
998
2229
2226
2227
2224
2225
2222
2223
2220
2221
1
146
147
144
142
143
140
141
148
149
121
2080
2081
2086
2085
2538
2539
1190
2532
2533
2530
2531
2536
2537
2535
2713
3341
2716
2714
2718
2719
1194
1197
1832
1830
3799
1837
1834
1835
3797
3796
3790
3793
2154
2155
2156
2405
2150
2151
2152
2153
932
931
930
2158
2159
2408
934
1956
1951
1959
3249
3248
3241
3244
228
824
827
826
821
823
822
3097
1993
1480
1486
3308
3309
3306
3307
3304
1488
3303
3301
1713
928
1711
794
1716
790
3050
1718
2413
798
612
613
1139
1274
2416
1137
1135
920
2061
3018
2064
3011
3014
3015
926
1009
1007
510
1005
1004
515
1001
516
1227
1226
620
1223
626
1221
1220
629
1229
2880
2886
2887
2884
2885
2888
2
3878
3879
3870
3871
3873
3874
3876
3877
10
13
12
15
14
17
16
19
18
3272
3194
3905
3907
3903
1927
3908
3909
200
205
206
208
830
685
831
684
1571
2239
2238
686
2614
681
2233
3473
2235
2236
2185
3496
3494
3495
3492
3490
2095
2094
2096
2091
3659
2093
2092
3654
3656
3652
2525
2527
2526
2521
2522
2529
2528
2708
2704
2707
2706
2700
2703
1829
3951
1824
1821
1823
2411
929
2145
2144
2143
2414
2141
2140
2419
922
923
924
2149
927
3277
1922
3275
1924
3273
3270
3271
1929
3278
832
3475
3476
3477
3470
834
835
838
839
3
359
3332
3319
1267
3310
3313
3315
3314
3317
3316
784
786
787
780
781
1728
1729
1727
1722
789
1720
1721
3007
65
3002
68
3009
1371
1588
1589
1582
1583
1580
1586
404
509
1032
1033
1030
1031
1037
402
1212
631
1211
1216
1214
637
638
639
1218
1219
3335
2898
2895
2897
783
2891
2890
2893
1107
1456
1457
1102
1451
1100
1453
1458
1459
4080
4081
3869
4084
4087
3863
3862
3860
3867
3865
3864
3735
3733
1892
3730
3917
3916
3915
3912
3911
958
3919
2285
215
213
218
2138
4
324
3489
3488
3481
3480
3485
3484
3487
3649
3648
3645
3644
3643
3642
2552
2553
2554
2555
2557
2396
2397
2394
2395
2392
2393
2390
2391
2778
2779
2770
2771
2772
2773
2775
2776
3166
3167
1858
1859
2801
1850
1851
1852
1853
1854
1857
2172
2173
2170
2176
2177
2174
2175
915
911
913
912
2604
2605
2606
2600
2601
1933
1932
3263
1936
1935
3266
3268
1938
3467
846
845
844
3463
3462
3460
1426
849
3361
1738
1731
1730
1733
1736
1039
753
1807
751
750
759
758
1805
1595
3071
1597
3073
1591
3075
1593
1592
2955
1599
2951
3787
1024
1027
1026
1021
1801
1022
1029
1035
604
607
601
600
603
602
1207
608
1203
633
468
3108
3109
3105
3100
3102
3103
1447
1446
1113
1444
1115
1117
1440
1351
1449
466
2401
488
484
483
482
481
3922
3923
3921
3926
3927
3924
3925
3952
3928
3929
3856
3857
3855
3852
3853
3851
992
3858
3859
195
197
190
193
192
3672
3670
3671
3676
3677
2543
2542
2540
2547
2546
2545
2544
2548
1104
2381
1105
2385
2384
2387
2386
2389
1103
3581
3582
2768
3585
2763
2762
2761
1101
2764
902
903
900
901
906
904
905
1843
1842
908
909
1847
1846
1845
2169
3251
2166
2161
2160
2163
2162
2617
2616
1941
2612
2611
2610
2619
3298
1909
1906
1907
1904
1905
1902
3291
3292
1901
855
3451
850
3457
3454
858
6
1184
741
742
747
748
3063
2949
2948
2947
3069
2944
2942
2941
1051
1054
719
1056
1057
1058
1696
1697
1695
1693
1690
1691
1698
1699
1279
618
619
1270
1271
1273
616
1275
1277
1795
3118
3117
3116
3115
3112
3111
1472
1473
1470
3330
1476
1474
1475
1479
1304
1305
1306
1307
1301
1302
1303
1308
2596
3590
498
499
494
495
496
491
493
24
25
26
27
20
21
22
28
2591
3939
3938
3935
3934
3936
3931
3930
3933
3932
1705
3841
3840
3843
3845
3844
3846
4045
4047
4040
4041
4043
4048
4049
7
2288
3664
3667
3661
3660
3663
3662
2281
2282
2283
3669
3668
2287
1605
2578
2579
2576
2577
2572
2571
2379
2374
2375
2377
2370
2371
3593
2595
3591
2597
3596
2592
3599
3598
2599
1876
1877
1874
1873
1879
975
974
973
972
971
596
978
2118
2119
180
181
186
187
2110
2111
188
189
2114
2115
2116
2622
2623
2620
2621
2626
2627
2624
1919
1918
3289
3288
1910
1913
1912
1915
1914
3281
3280
869
868
3449
861
3444
862
3441
864
3443
3442
2025
2026
2755
2752
2753
2022
2028
2029
2758
2759
883
882
881
3971
887
885
889
888
2825
353
775
774
776
771
779
778
77
76
75
2979
73
3058
70
3056
2973
3054
3055
3052
3053
2974
1043
1041
1040
1045
1048
1680
1682
1684
1687
1686
1689
1688
1269
1263
666
1261
1260
663
662
1265
660
1507
3286
67
3128
3122
3283
3126
3127
3124
3125
1917
1464
1467
1466
1461
1460
1463
1019
1317
1315
1314
1313
1312
1311
1310
1318
529
3445
860
318
3940
312
311
316
3946
3947
867
866
3195
2757
2750
1332
4057
4052
4050
4058
630
2461
3610
2299
3613
3614
3615
3616
2290
2297
2296
2560
2565
1615
2567
2369
2368
2367
2364
2360
2587
2585
2583
2582
2581
2589
1861
1860
3728
3729
1867
1866
1869
3726
3727
3721
3722
3723
966
960
963
2109
2102
2106
2105
30
2639
2635
2634
2636
2631
2633
3438
1241
636
1240
3430
877
872
873
3436
871
2741
2740
2742
2745
2031
2746
9
2748
2039
2038
890
891
892
893
895
897
898
899
1530
1969
3544
3545
3546
3547
1618
3543
1619
3549
1616
1965
2965
1789
768
1967
2961
1780
1612
1782
761
1784
2968
1787
3048
1962
3041
1963
3045
3044
3047
338
1078
1079
1077
1075
1072
1070
1678
1679
1674
1672
1673
1094
1096
678
679
1093
674
675
670
671
672
3134
3137
3136
3130
3133
3132
3138
1533
1418
1410
1412
1413
1414
1415
1416
1417
1322
1323
1321
1327
1325
1329
1621
2494
1531
1256
1525
1254
1527
1520
1253
1522
1251
1258
308
309
3959
3958
300
301
302
303
304
3956
3955
307
2978
74
988
3415
2972
989
2970
4062
4063
4066
4064
4065
4068
2977
79
3602
3600
3607
3606
3608
2990
2352
2353
2351
2357
2355
1898
3738
3737
3736
1896
3734
1890
1891
3731
1893
2136
2137
2134
2132
2133
950
953
952
955
954
957
477
2649
2784
2641
2642
2645
2647
3428
3421
3420
3427
3426
3425
2003
2001
2007
2004
475
2008
2009
2034
3555
3553
3558
667
919
2911
2912
1798
2915
2916
2917
717
2919
715
714
1797
712
711
1794
1264
1069
1068
1061
1060
1063
1062
1065
1067
1066
1669
1668
1667
1665
1663
1660
1087
590
1083
594
1081
1080
598
1088
3143
3144
2829
3146
3147
2824
3149
2826
2827
2822
3387
3384
3385
3383
3381
1409
1532
1401
1400
1406
1405
1404
449
1339
1338
693
443
1330
1333
444
501
3261
33
695
37
1537
1536
1243
1242
3096
1244
3094
3095
649
648
1538
1493
339
3267
335
337
336
333
332
1633
2953
3899
3891
3896
3897
3894
3466
3465
3631
1353
4078
4077
4076
4071
4070
4073
4072
3965
3962
3963
3961
3968
3639
3636
3637
3634
3632
840
3469
2345
2344
2347
2346
2343
2342
2349
2348
1455
2067
3708
3703
1885
1884
3706
3707
3704
1880
2120
2125
948
949
2129
947
943
940
2658
642
2653
2652
2651
2650
2657
2656
2655
2654
133
3417
131
130
3412
3413
135
134
1354
2019
2018
2015
2014
2016
2011
2013
1452
158
3562
3563
3560
3564
3565
3034
3569
2900
2905
2904
704
705
706
2908
703
88
83
84
85
762
1934
1658
1653
1650
1651
1656
1654
1655
586
587
763
580
581
3153
3151
1985
3157
2839
2836
3158
2833
2832
2831
2830
1436
1437
1434
1435
3394
1430
3396
3399
3398
1637
1438
1381
1349
450
1342
1343
454
1345
456
457
1082
3368
1883
1882
1502
657
1500
655
652
653
1504
651
3085
1508
1509
3942
1886
3945
314
3885
3884
3881
3883
2126
3888
946
2128
752
4008
4009
4000
4002
4003
4004
4005
322
323
321
3975
3974
3977
329
3629
3622
3625
3624
1340
3626
1881
1643
2332
2333
2335
2336
2337
2338
2339
1596
2958
3715
3717
3711
3710
3713
3712
3079
53
2488
2486
2487
2484
2481
2248
2245
2247
2241
2243
2464
994
997
996
2460
990
2462
2463
999
2469
120
3400
122
3402
3409
3408
3416
132
1921
2068
2069
2798
2799
2792
137
2790
2063
2796
2065
2795
1185
1181
3579
3578
3575
3574
3576
3571
3573
2667
2664
2665
2662
2669
2939
2934
2933
2931
1836
1645
1644
1640
3264
1252
579
573
572
571
577
576
575
574
2808
3168
2802
2803
3164
3165
3162
3163
2804
1421
1425
3369
2407
3364
3366
3367
939
3363
731
2157
737
736
739
1359
469
2400
465
464
467
1350
461
460
463
462
937
1519
1516
1511
1510
1513
1512
959
280
3184
3185
3186
3187
3180
3181
3182
3188
3189
3397
4018
4012
4017
4016
4014
356
354
3988
352
351
350
3984
3986
3987
3982
3612
2298
2323
1111
2321
2320
2327
2325
1445
289
288
1112
1793
5
283
282
285
284
287
286
3760
3761
3763
3764
3767
3768
263
262
261
260
269
268
1562
2499
2491
2490
2492
2495
258
2496
2193
2258
2256
2252
2251
2250
2477
2475
2474
2473
2472
2471
2470
980
981
986
984
2478
252
1790
111
253
119
118
2785
3227
2786
2781
2780
2783
2782
2789
2079
2078
2073
2072
2071
2076
1796
3509
3500
3501
3504
3506
3507
2671
2670
2060
2675
2674
2677
2679
2678
2929
2928
2921
2920
2923
2925
2924
2927
2926
3214
3215
3216
3217
1636
1981
1639
3218
1988
1989
1781
568
569
2817
2816
2810
563
2818
566
3171
3170
3174
3176
1188
1189
1186
3376
3375
3374
1182
3372
3371
3370
724
725
1748
723
720
1744
1740
1741
1743
1164
1167
1161
640
1163
1484
1169
1489
472
48
473
46
42
43
41
1298
1299
1788
1292
476
1290
1291
1296
1297
1566
1295
474
591
2033
792
3197
1367
1364
471
3193
1363
3191
3190
479
1368
3198
