3922
3923
667
1261
1260
663
2096
2091
3659
2093
3258
690
1949
698
1941
3558
347
3852
3851
3996
348
1463
3859
1798
719
10
2919
715
1797
120
121
122
1494
1496
1497
1499
2654
1069
1705
2316
2312
861
2413
296
1387
419
2149
1083
3664
1120
1029
311
3946
3273
276
277
3149
2543
3578
3029
3028
838
839
3573
2381
2665
2389
2263
366
2768
1231
2764
109
3799
1645
903
900
781
2040
33
1840
2357
1241
640
1242
3097
439
434
2166
2161
431
1075
3809
338
573
572
3807
2297
2191
3007
1167
1907
250
1549
1902
2804
1901
2154
3451
850
2205
852
3364
2560
602
858
731
2368
546
889
3894
1035
4057
1359
1211
1216
2738
1351
2153
2589
1354
99
3729
166
161
1994
1624
1998
2897
4072
1105
3961
2243
2512
686
4081
2736
4084
2866
748
2631
2739
3531
3533
2467
1438
678
2941
1814
1537
1054
1812
2229
1058
3341
2222
3435
3344
2741
3935
2742
3181
2747
2850
9
144
142
1171
612
1530
1274
149
1810
3867
3544
2120
1287
1281
948
3115
2081
1972
940
1606
356
2538
1476
1474
803
1572
687
1479
807
359
2658
2716
1302
2846
1781
760
2719
1308
1787
3048
3412
499
3328
491
1775
322
1830
2327
21
2325
1835
3797
1078
289
2407
2405
4
400
1379
283
2158
409
3489
1096
3837
3764
2031
674
675
3936
671
1152
261
4034
3133
3038
3644
3987
3562
2999
59
1556
1559
2490
2993
2495
1771
2396
378
2395
2390
3846
371
2256
826
374
2470
2770
980
1480
2199
1173
3304
398
2801
4041
256
1718
2305
4049
2072
1651
911
912
2605
1813
3662
3952
530
3669
3743
1135
3954
920
3263
974
240
3155
2836
845
3392
2652
3454
3397
3506
2571
2670
2679
515
516
2595
2596
1223
626
1340
1876
1873
1582
2051
931
4066
4064
1637
1730
2888
1989
2
187
1504
651
3346
2622
752
2620
2238
759
758
3874
3526
1918
3073
2125
1915
3280
1728
17
16
1186
3375
1185
1182
724
723
2360
1741
2355
1164
3905
2438
2429
1207
1898
1890
1893
4009
1969
48
46
1617
1615
2034
1610
1447
2001
1443
324
1292
2503
1297
1449
1684
1219
205
2722
2642
778
3009
2786
1595
3058
482
3034
1643
2332
3428
1801
3420
472
1768
3194
3982
2423
1766
3473
