35542
13356
35234
35239
28995
11540
11545
19397
19396
19395
19394
19393
5985
22261
22260
22262
22264
22268
48891
48894
48895
25062
25063
25060
25067
25064
25068
25069
43870
27370
6794
27373
27379
6798
6799
98643
25280
25281
16251
273
19977
275
276
19974
80596
16259
12018
12017
12016
12011
22488
17252
82104
17256
10709
9528
9529
9524
9525
10701
10700
9520
95792
24883
149143
46796
21614
21617
69176
51266
26029
45116
22874
22876
22872
24085
24084
3519
38508
3514
2682
108710
113231
14628
38642
96
13058
13059
13052
13053
13056
13057
13054
13055
18701
14688
17823
17821
133274
27578
27579
27572
20253
27570
27571
27576
27577
87107
20255
29819
29818
29817
29816
243763
23509
23505
23050
23500
76089
27619
27617
59032
59036
29109
7181
7182
84775
29107
47671
12831
15289
8548
8019
15285
8544
15287
15286
15281
173305
173306
8542
26625
26624
26627
26626
44931
26623
107094
23658
2035
7459
55338
55628
16887
162042
55626
55336
52818
22672
22670
22671
100378
50673
26568
14722
69412
15556
24704
24700
24701
24703
30382
348296
15263
22019
77021
395
141334
22015
2309
2301
13616
4721
16370
11289
19706
19707
19700
19701
5841
32223
19708
5849
17623
17624
3749
17628
3744
3745
4620
4621
4624
13537
14538
41825
11757
11756
11753
11752
19560
16393
16390
19563
19564
19565
19566
16395
93354
21475
20733
20732
20734
20736
16373
20738
141841
102942
25544
25546
25541
25543
178
13285
25549
64027
21286
21287
21284
21938
21289
42333
76536
20089
20088
20087
45304
48555
20084
20083
45303
20080
10391
57087
10395
21476
7219
16934
16930
16931
7216
16939
12227
12224
12225
12220
6210
16256
90103
15877
6813
16254
196641
6817
6816
29372
40889
10573
18934
21424
21425
21422
21423
18938
21428
17387
8848
73107
8840
8841
8842
8843
8847
83287
30628
54278
59487
30627
30625
26818
7661
26814
26815
26810
41686
29596
18310
40551
22489
11193
12010
24550
14344
24554
11194
11118
14341
14471
28356
11113
28352
14477
8710
8714
13841
13840
13845
13844
145598
73666
11762
55062
21531
11761
7112
96792
5611
128473
62143
96791
5715
97448
110578
35213
11569
47024
107538
11564
23268
11567
22249
22248
22247
22245
111341
10707
25042
25735
43857
74032
6778
6779
27398
27399
6774
27394
27393
6772
34925
24887
114328
205395
55819
19911
19910
19913
19912
16235
257
16725
16724
12039
12038
257012
12035
12034
250178
100038
9509
221944
19326
21638
302538
21633
21630
49094
49097
21634
370530
3681
93483
3684
26049
26048
81774
2516
26044
42810
46514
128148
152669
42815
42816
3531
3530
22811
5059
22814
3536
5054
5055
5056
22819
5052
5053
21290
94175
53977
18893
18892
18891
54995
18549
14863
14861
18545
18547
18546
18540
62314
13072
13076
26459
83453
36176
36177
36172
18768
18761
33526
18097
18767
18766
20270
20271
20272
27554
27555
27556
27557
20278
13899
7897
29749
29748
29747
40766
272552
23078
23073
1157
25898
58420
29121
25893
39577
25895
25894
31744
79511
8033
88548
12589
12583
12580
8525
44911
26607
26604
95217
26609
26608
92244
123054
92246
22655
22656
22652
16924
22659
61032
26544
26545
26547
26540
18342
22386
13988
4294
28657
23383
23386
24762
22030
22034
22035
22036
22037
277384
35661
154597
86247
35662
73053
4749
31962
13673
13671
4747
4746
32242
16003
5868
16004
5864
5867
5866
17356
17351
17353
17352
25387
90873
4608
25380
4607
4605
25389
25388
93377
12420
101511
104032
23922
93379
27231
27230
27232
19586
6903
27238
19581
64557
154
156
20864
20863
20710
8134
25567
15349
5937
10827
4207
6184
6183
6182
6807
15867
42314
90297
45321
87356
7236
7945
7946
9192
7232
7230
10379
10376
10377
10374
7948
7238
10371
16912
23182
12204
9740
12201
12202
12203
36589
9779
9778
9775
10513
9777
10516
29355
10514
14980
18950
14985
21409
14987
37365
21404
21405
21406
21407
26835
26837
26832
26833
26838
123282
71987
24150
14189
14181
160046
14183
14182
14185
138659
21083
21084
15858
137302
83157
14325
11134
14320
11131
24575
18378
17980
17982
17983
79721
62120
3028
28402
15582
15581
30356
8738
30355
8734
8735
19192
4198
4196
4194
31001
35053
50860
4191
83474
89003
18927
38386
38381
38380
102712
111978
18924
66047
35274
23248
47009
23719
23717
23246
23715
23710
15326
12447
12444
6434
30972
30973
15320
27009
27007
8198
8199
15329
140295
32969
6757
6755
32967
9944
9945
107917
35589
19937
16216
16743
16742
12051
12056
235
236
42787
56781
62928
131339
131338
131337
34488
27799
120168
25718
21651
21877
21652
21870
21878
149105
64494
64497
3482
2539
27573
2537
38546
17165
27574
5074
94117
57434
10749
9567
10746
10745
930
10742
10741
18569
18568
14844
14662
18567
190193
18565
38601
38603
38604
9860
13098
13096
13097
13095
13090
85126
85651
44206
36110
44204
44202
23957
16983
20298
20292
27821
27822
20291
796
9386
129418
39632
15323
129145
67142
799
67140
40923
2414
72070
15130
15136
15135
26992
31766
26990
7148
26996
26995
26994
7143
18747
4972
18741
18749
12877
34044
30010
30013
30012
8509
72210
8059
8058
95232
31492
26668
291790
145969
26663
26662
26665
26664
7494
26666
28090
23010
24298
2
23015
24290
24297
126133
24295
88293
88297
26520
154821
26526
26528
26529
24740
24742
24743
24744
1282
28678
3959
28670
28673
4761
13651
4763
13654
13657
13658
13659
43318
11241
8767
19749
5809
19036
19037
19032
19746
19031
124091
100915
17370
77972
25365
25362
23903
23901
23900
23905
23904
11793
11792
23909
23908
27213
65954
27210
233358
41089
64579
20844
14926
25501
25503
25502
25505
25504
16688
16689
230207
16685
12314
16683
14769
10355
2709
10351
4882
4883
4884
10359
4886
33407
7960
54834
10683
10680
10687
53094
16973
16971
16976
16974
33150
17083
17082
17084
12319
12267
12264
90148
10532
10536
14946
42991
42990
9712
9711
9710
42999
14232
833
24108
21469
8888
8889
834
32746
24102
24103
8886
21461
21466
8881
37430
24105
82569
20597
15282
44566
26850
26851
44562
26854
86466
40044
40047
40041
165881
26621
7450
1726
5244
1723
15832
15833
15831
15836
15837
15835
13139
2415
40598
63776
40594
28461
28460
33971
7932
14307
14308
18350
18353
20337
20331
20330
45963
45962
17966
17967
1580
17962
17960
52518
30658
8633
59992
31530
114891
24035
5659
5656
24032
9453
5650
259945
23737
23730
23731
23732
27025
27021
23220
23221
23227
47064
61489
13349
12469
12464
150801
6416
30950
30951
12463
7774
7773
7772
73627
3916
19485
19481
8310
6735
6737
6738
56413
50153
180102
9921
9925
73957
19263
19262
19261
215
19267
19266
16768
16767
16766
16764
16763
16762
16761
16760
22171
22170
12077
12075
12074
22179
22178
11572
25773
25770
25774
25775
43816
25778
86815
21853
21852
46081
49059
24828
49054
46088
98081
3641
3640
2558
26086
11476
11474
11475
11479
19383
5014
26563
38837
17414
17415
17411
25192
13304
4412
4411
25199
919
918
104774
915
910
913
62351
14820
14827
58906
309614
45289
15932
20107
20104
20102
14558
36133
36135
83417
22947
80466
27596
27597
27591
27592
27593
27598
46911
129161
44481
40903
29259
29251
22949
18501
25057
33700
15152
34284
25721
40864
72056
123895
506
7168
16853
7160
44738
7166
7167
7165
33567
108884
109688
8078
30030
12899
8070
8072
8074
12893
8076
26647
26646
26643
17582
26641
26640
39287
26649
86618
48165
11710
50300
50306
1111
23640
1115
1442
23039
23031
22348
22347
22342
22343
26508
23130
26500
26501
26503
26506
26507
3804
108334
28615
73011
95873
73017
43373
4789
15019
258258
4781
23693
19704
5823
32937
5827
5829
5828
23699
18490
11267
11266
127574
32221
19702
74485
56627
25699
25698
235065
25343
25342
25347
25346
25344
53643
51163
198
25521
11983
11066
21993
21990
21996
21997
17313
17312
17317
52306
17319
12797
9155
2769
57571
9150
99565
70544
16950
9489
16402
7900
7901
16408
7907
6270
6273
12243
20820
113708
9739
18883
37415
63299
24124
21330
16245
16247
22979
19960
22971
22970
22973
41338
19962
211380
19963
41990
41993
26870
26871
26872
26873
26875
14146
108655
21804
15818
13112
13117
70322
102302
13114
13118
15817
18673
18672
17947
17940
17941
14493
18333
14497
28442
14367
27492
16392
45947
20316
20315
51107
20319
118508
111930
9814
29060
29069
23201
23750
19134
23757
23206
23209
23758
23759
19132
27042
27040
27041
34491
499
48814
27045
496
6479
6473
12400
12401
15366
105942
6475
15365
35011
50794
7754
7757
31519
3939
32547
19466
19460
8333
34726
6719
6717
88317
8339
6710
39072
9902
9903
24467
24466
24460
24462
24469
19209
19201
19200
19203
19202
19205
19204
149288
22156
22404
22159
34931
22401
22400
22403
4045
4046
13756
4040
26314
26311
4049
26313
26312
25758
13281
40904
25756
25757
21839
3660
3662
24802
24801
21832
21835
3668
135616
21836
56290
90421
23357
99919
2577
26852
162323
11458
23352
11456
11457
11451
17434
3592
17436
97517
97516
5038
5039
97519
5030
13324
52539
13320
13321
4433
13323
17122
21860
17127
17124
976
975
36738
102821
23358
152932
254365
20126
41294
20120
20121
134870
8086
26468
11863
87272
146160
42656
42657
12984
42653
19925
24271
196766
24272
26467
10474
10471
10472
26687
8927
8925
14803
54246
33764
18528
163271
163270
18837
163272
18523
18522
8929
109919
30581
34264
30236
34262
34261
7100
7103
7106
7107
39517
7109
78151
78152
78153
28035
1689
18782
18781
18787
18784
184113
83030
178982
3389
92554
92556
58435
28053
24257
24252
76000
76001
28582
47926
73781
44659
24786
24787
24780
24781
24782
13929
13926
114377
13925
24788
24789
5591
28632
5592
5594
1405
38200
72781
319
318
13905
313
31989
314
11201
43359
11203
11202
148030
11204
11206
11209
11208
7217
4210
32952
19079
22365
22366
88781
417230
25321
25322
25325
25327
60231
23947
23946
23417
23413
23418
12678
27257
27256
82631
27250
27259
27258
22093
22097
15405
19694
19695
19692
19693
32370
74517
19698
19699
8124
19640
42400
46385
117137
8122
5901
10912
10913
15701
17337
17336
17335
17332
10919
9133
7291
9130
7922
7923
57554
10646
16166
10643
121268
16424
16423
6296
6295
6294
6293
6291
6290
69054
26122
64530
20807
74892
86809
20800
113230
185892
79847
22958
94070
17599
22957
3435
22955
22954
102494
2743
4849
2746
2748
4846
4840
44529
71925
24144
14169
14168
5206
5209
11990
19869
16308
13174
18646
18647
14345
11192
11195
18315
18640
14340
11199
18319
71070
37298
17920
38052
38054
38056
3040
3043
17929
94408
42699
222078
20371
34920
83209
40008
1095
1093
89062
41715
41710
29040
1324
23775
28934
15436
27069
6453
15432
12425
15430
27060
27061
27062
8689
27064
8131
6909
86295
26247
19199
19449
3958
19443
19442
19440
19195
19196
8358
8359
283028
23544
119656
39090
24446
12820
73194
131396
22136
4062
4061
215857
13778
69912
5784
42606
75345
60390
114634
19991
19990
19993
19992
19998
11434
11435
17450
38873
17105
17108
17109
4453
49613
4451
4456
13348
4458
958
955
957
21817
24860
24863
24862
24864
139195
80792
32569
20143
20141
20144
20145
16855
16854
16856
85141
16852
44737
16858
6334
6336
6337
387568
42671
167956
27888
26323
10453
39651
53641
57946
10104
10459
9678
10103
21765
21761
71266
11851
54265
54266
80934
7956
80932
26935
26936
26930
312562
86312
1665
8618
24274
2828
2829
168423
2825
24278
66259
28030
14759
207550
14755
14756
14757
14752
14753
34244
34245
34243
68886
68885
35196
13907
13900
13901
13902
35190
129870
114358
18107
18100
18102
39246
272083
5577
5576
5572
144052
28357
30072
72900
339
31301
336
28420
58162
93668
19050
51434
19055
19056
132766
61708
25903
25908
151853
25306
25305
25653
25652
23433
74759
23439
50880
42461
117447
16198
16629
32350
16193
12754
166367
12751
10935
10930
100758
16996
16997
33148
9449
9448
9111
33149
16998
16999
21158
21156
21157
21155
16444
26106
21485
12755
21481
14221
21489
22931
22932
22935
22937
21372
46903
21370
21371
8532
21375
116245
116246
88557
38462
10661
13483
4866
2010
13487
4865
18480
18482
14102
14104
14106
18488
14108
71906
33488
17716
52709
26134
20689
20688
13155
13154
13153
13152
120912
20683
20682
10593
10594
10595
18668
18669
33265
18661
20425
27436
27434
27433
27432
20423
17903
17905
17906
17907
16992
87026
87027
17467
202351
44504
44505
44506
44507
44058
40024
68943
9442
12991
12992
12993
41735
29537
24004
78500
29021
169271
169270
9438
1341
136473
6929
6928
6925
15415
6927
26747
7713
50757
7715
50751
4462
92457
50289
8376
60591
8373
8370
8378
8379
119670
24429
24428
24421
22114
22110
155722
26355
86301
26357
344000
26359
26358
119711
24873
4001
19421
19423
19422
19425
19424
19428
23269
21805
94266
75818
3621
3620
21807
35418
11415
55562
6885
16298
56036
38894
17472
17474
17475
38893
4479
4766
13360
13361
4473
13364
4477
4476
80229
49033
49031
20168
2467
2463
45231
20163
134291
20167
16870
16877
16876
6313
6310
3415
12147
12146
12145
3412
90027
36999
9656
53623
10437
9303
18871
18870
18873
18872
37024
18876
18878
21749
62846
8963
8961
8966
8965
16846
44729
80912
6443
228537
40340
40341
40619
83076
18295
24215
24219
18298
2805
5433
5436
28010
14733
5438
3360
28540
3363
30271
34226
34227
30278
34228
13962
13963
136511
35179
31978
35174
18123
5551
10668
85894
4867
4750
34591
131929
43454
35311
51415
23181
51417
23639
51411
23184
23635
23634
23637
23636
51418
15064
15061
19770
155118
27747
27741
27740
73745
8061
32252
41003
22324
32254
25671
25670
25676
25675
23983
23981
23987
23454
23984
27299
27293
27291
27297
76957
7504
9886
7506
39110
353
352
351
206000
359
3759
16600
16603
16609
55919
61187
12773
6128
22584
22586
22582
3751
124014
10951
10956
15972
21174
21175
21177
21173
16468
24980
15520
13150
141222
2192
25580
26168
25584
2259
2258
26162
69092
69763
26166
26167
26164
24182
24183
24180
21353
21354
24184
32613
21358
52491
16722
16721
2784
2787
2786
4804
2780
2783
2782
4094
11607
10601
11601
9460
11602
90233
19916
11609
11608
190633
11959
11958
18466
18465
11951
18461
17732
17731
62458
62457
27988
21297
70383
70385
60630
9793
9791
9794
21296
14383
14380
62188
14385
14384
20402
20400
48400
54706
5739
5738
20453
146247
51136
12976
12977
15650
41755
7081
17908
20424
7089
7088
123486
20426
37921
114471
7585
94466
44829
15385
8172
19123
8176
15383
19124
15389
7581
7131
6949
6948
26927
15473
6947
6946
6945
6944
50730
26764
26765
26766
92470
730
26763
27439
126054
8398
8394
8395
40406
40403
21235
24406
24403
24402
24401
13299
4390
4392
4393
473
476
474
28754
28971
8200
22469
22465
22464
22463
22460
13737
13735
13734
81407
4020
26376
26375
43277
55762
44503
19158
19408
19154
19404
32523
3992
3990
1652
43182
93431
23844
23842
23843
23840
185078
101169
100097
26476
118121
27176
257021
56059
56058
69373
60131
102849
36201
25449
25114
25440
25442
25111
64299
64297
124590
7864
7861
7869
188983
42631
12523
16811
16813
16812
16815
16814
16816
6370
6373
6374
12126
10413
10412
53358
24208
9323
21729
8940
54956
8947
8949
21725
45204
3855
26970
26977
26978
51777
1991
5183
5180
1992
5186
5187
5184
5185
58183
1628
59850
59853
22760
28556
40369
40364
2869
29966
553
14710
24239
14712
14245
28560
28553
58451
14717
24231
28568
28569
24236
24237
5458
1191
68594
5454
5455
5456
5457
30526
30521
30520
78711
4251
13943
4255
35156
28691
5538
18145
18146
103402
83724
186722
143511
4260
89545
31341
73759
51472
23619
23618
23611
23617
47324
23614
15043
6576
15046
15045
15044
27761
27764
7695
7691
7693
25940
25945
23472
72412
7522
35336
145325
7527
92319
15418
35848
19366
19365
16668
12715
12718
6148
8110
10971
10972
16171
25617
26493
60835
26497
19305
21112
21110
18898
21116
21117
46497
16486
16484
22704
7712
22700
75994
75999
75998
2275
162245
26144
26147
26148
119524
11592
42938
46276
38420
17280
17287
17288
9768
17533
2053
13449
13448
13445
2058
13446
4533
11623
53039
11627
7987
7989
10626
10627
11979
11978
11977
63268
18942
20648
153230
17750
118926
13199
13198
36549
102385
13191
13190
13197
13196
13195
60655
128043
63872
48139
19870
48137
29495
10084
67023
67024
10081
18444
18445
19874
65779
18448
12954
12955
12956
6005
12953
15678
7060
18620
18625
18626
18627
18629
223945
12482
15907
12480
12481
15902
12487
12484
12485
15908
40797
92419
67681
50718
24395
24394
24393
20894
26706
50715
24398
24907
61684
9989
67971
9980
14504
66085
14503
14502
11029
11028
414
21441
28731
266844
23285
1382
28224
40092
43214
86340
43218
11365
11363
19178
181564
51592
19177
94222
94223
19281
33789
19285
23869
19286
19289
23867
118144
23863
27154
27155
27156
25134
25135
25132
25133
64106
8801
80770
22449
75851
98066
6683
29791
2422
99224
74487
16835
16834
16833
16832
16831
16838
12105
12102
6358
98287
98282
9616
9617
9614
9615
53377
10169
169005
10167
10166
86303
10163
10160
46685
21256
21250
168998
21708
54979
14881
14882
54973
41218
141077
48308
68809
26950
14081
14082
14083
14088
3222
2846
2847
2844
2845
2841
3322
5473
5470
3327
28509
45886
20077
20074
20075
20071
79020
321
16785
83855
18167
89700
18165
89707
20487
5518
5515
5517
5516
87634
34089
29903
23671
23673
23672
23674
66411
27703
14464
27706
5135
15029
15028
1905
15021
6511
6512
6516
73708
29632
29637
29639
73871
3813
170671
23498
3814
32487
23495
23497
23496
23490
23493
23492
111762
8451
8450
39153
13200
39158
114192
35866
7540
7541
7543
19348
19349
51908
117424
19347
16132
19341
19610
19343
6162
6164
6167
50878
86081
60819
180399
25639
25638
25635
24618
24946
24947
21134
24940
21137
119540
6139
22724
22725
22723
2215
81364
67787
31819
22599
97670
46212
46213
46216
6137
41977
106256
17512
17511
17517
17514
4519
25097
4512
4510
13460
13467
4514
4515
11648
14969
11647
5288
17775
14968
17771
105504
5284
5287
81941
27948
20663
20662
20667
20666
27944
7008
21392
21393
20914
27493
45746
45743
20440
122826
20918
113813
11911
11910
18420
11912
11915
10244
17471
10245
12932
12933
15616
12934
12935
138897
12939
5326
10202
7040
10209
37709
18391
18392
18395
37742
37211
8609
15928
15929
6989
30990
6986
8601
8606
8607
8604
24011
26720
39369
26723
26724
24012
50262
26727
26728
26729
50268
14694
14697
24379
24378
251304
2983
4475
24377
14699
24373
2984
40443
28243
151178
28713
11005
14524
79344
438
433
11347
11340
23259
96338
19110
19113
23258
19115
19114
19117
32879
32878
5706
96333
8024
55019
5702
5703
91528
91529
35475
12457
28860
4299
30960
23808
2240
6423
23804
82719
27133
64097
25150
25407
6899
16582
16580
24195
21342
42019
12694
323523
21897
21896
21895
24196
10834
39963
39960
39968
32121
32120
21093
21092
21091
21090
16368
21099
173742
173743
17188
26264
64122
17186
9368
9369
9367
9362
9361
49182
21270
21277
21275
21278
75963
1837
1834
1835
81006
4985
4987
4986
4989
45241
134547
1955
1956
1953
14067
14065
1959
3248
106061
3242
13255
59813
13250
18987
71407
1482
62203
3308
3306
5495
14200
3305
3302
3303
122458
5493
20059
20055
20056
20057
48580
40145
6316
174809
132277
18188
18185
10619
87651
29383
29382
29388
29433
29920
1225
18020
23659
1220
23656
89687
23121
23652
23123
15555
6537
8293
6535
6532
6533
27728
30389
27722
27721
27720
59368
25983
91951
91952
21272
88989
8475
8474
8476
8471
19769
7560
27513
126734
18901
24581
35805
50034
35806
32608
103807
19320
19321
88188
19325
22298
22528
22294
22525
22523
22292
22293
13896
4165
4163
4162
26458
4160
26456
26457
26455
26450
26451
24638
24639
24635
10892
24633
65311
46185
26187
26180
26182
26188
22747
22744
2230
2234
2236
16114
19631
16112
16113
93002
17571
17570
17572
17574
17579
41958
41959
2097
4573
42795
34120
11667
11665
11664
11660
11669
46454
24965
24966
13511
24962
128887
104691
104692
104693
104694
104165
27923
20605
27924
20607
17791
45189
25215
25214
25216
25210
379298
60696
25219
260758
104031
5740
74314
5742
20933
20932
20931
20930
39731
39730
7360
44584
44586
7367
3
11937
11936
11935
33403
11932
11931
11930
15639
70411
30179
15631
12912
15634
15635
12916
15637
6134
7020
9002
33273
9009
21516
24037
21514
21515
37230
21513
20437
63340
63347
84607
37728
20343
54780
44836
37724
15942
15943
15946
153
7790
7793
7792
7797
7796
24359
24358
67136
66338
24352
24357
24355
76323
164310
52692
40461
284991
51106
4372
4370
4371
11069
14541
11060
14545
28261
14546
15494
8662
8663
8666
15493
17892
4082
13798
73131
31448
11323
11329
91895
19137
19136
19135
5721
5727
183030
61646
214613
32708
35497
60995
23820
23821
23824
11492
11496
8085
27112
27113
27114
27116
8088
8089
22199
22193
22191
22190
25173
25175
19796
28820
16566
16561
16562
6649
12676
12671
6641
12673
10811
166851
10817
10816
572
10819
28826
56522
7802
21568
57127
32149
19868
21078
139796
21075
21074
19862
16305
21070
6393
6390
6397
2502
60193
2395
69314
78023
250597
2500
63420
21211
21212
37531
1851
84032
3842
4969
4961
14045
14046
14047
14041
14048
84295
1934
3268
5120
5121
7093
9191
84393
36918
13237
13235
147383
14957
14955
14952
22829
14226
9196
9199
38715
38719
51280
22798
20038
20036
30542
20034
10370
85811
85810
85813
85812
157782
85814
47477
15797
6884
15794
6882
6883
15791
6881
99621
99620
8269
29419
40694
29416
605
606
601
79790
4272
23101
23100
15573
15572
59435
30819
15576
15574
179908
116175
8273
30810
26884
26887
95093
26881
26883
26882
78773
16545
91973
72301
55448
57421
1357
131740
133920
133921
35824
7588
35394
9809
9807
9806
7586
7587
9803
9802
7582
7583
6232
22504
22501
22502
6666
26474
257023
257020
26477
26471
26472
26473
26478
15391
4149
4148
4144
3856
3857
24658
24659
11824
24656
24657
38954
38955
22762
18887
214399
22765
22766
22768
75934
65370
18550
35533
58959
185173
19300
19303
16176
16177
19306
104361
5917
19659
5911
5913
5912
17557
17556
17227
19845
19844
13426
4552
4551
11689
11685
11681
248742
11683
11682
27304
27307
27301
9773
27303
24909
27309
140712
45168
52402
20623
20622
20620
25233
25232
25231
25234
25238
7264
8863
16796
16797
16795
74330
16798
6077
14989
12083
6071
6070
24166
6078
20489
20488
2610
20955
20954
20957
20956
7344
7345
7343
10024
10023
21688
21689
12335
12332
174700
9029
10242
9024
10240
7004
7007
7006
18683
18680
18681
18686
18685
24014
24015
51416
21532
24013
22888
22881
22880
22887
23638
29880
742
743
744
29885
29886
29887
29888
24335
24337
168748
2942
47862
5356
5355
1058
1059
30156
30157
4316
77300
209688
14566
18024
18025
11043
14561
37871
230018
11049
11048
3119
3118
14730
15960
26227
8648
8646
8647
21237
21236
35706
282156
34434
50953
23590
23592
21234
23594
23595
23596
23599
11303
11305
103650
27683
21943
21942
25826
25824
25825
25828
156049
145668
66711
66712
23375
23371
23373
15214
15212
15213
82759
15211
82027
14180
18197
22452
22453
16549
16091
16542
16093
16540
16547
16097
6662
12651
12650
12657
116944
63622
19846
16325
63621
19512
21053
4941
21051
21056
21055
257927
97287
43904
86908
26220
2376
64163
26225
81592
26226
21945
46374
21947
21946
21232
21231
49676
21949
21948
21238
1873
98191
209305
41859
4940
41854
79942
79943
2118
199630
9336
90550
15393
14023
11395
17054
17055
17050
3288
5103
5101
5107
3281
1916
186337
186336
13214
13216
106023
186339
186338
14326
13703
36424
10493
880
14978
886
885
33619
14976
14793
14970
87191
14797
20011
34861
20017
356
40108
354
36646
44622
346314
7502
242381
47452
47456
41679
15778
15773
15772
29472
29477
9238
8255
8254
8253
665
17051
8259
1266
1265
1264
30838
30832
34391
30837
15514
15517
29696
3282
5104
5105
91919
34135
8437
34984
35731
9820
30358
107309
44845
44844
217579
22560
22561
6122
26412
344323
69873
100792
24671
24673
24675
24677
4123
8511
4127
4125
32337
5681
13865
16027
22788
22786
4192
22784
22782
50861
92937
23785
23784
23786
11519
23783
185157
11516
11511
11510
19678
19679
27097
5978
27090
27093
16150
19671
5971
5970
5977
27098
5975
17209
56779
17203
17202
106237
56996
25781
25780
25787
25785
25784
363761
25031
90961
128512
218000
24928
27325
24920
14792
134392
270037
45144
25259
30815
25250
25255
25254
25256
271928
42249
44904
166988
220314
6055
44906
6053
10007
10003
2630
2632
15392
9226
9225
9224
9222
9220
33112
212872
12358
12359
84178
70450
9043
9042
9047
42868
9044
3546
23295
68451
68452
21552
21553
21551
24077
24074
21555
20974
20973
20972
20971
20970
36215
41449
20979
26783
768
26786
26787
26784
2962
44459
24316
54299
24311
24310
1078
1073
5372
13004
13007
30135
20490
13009
31264
4332
3137
14588
54129
18007
37851
14582
398231
27526
27521
76587
27522
17855
17852
17853
17850
31401
31403
31402
147643
23574
23575
23572
23573
23571
15186
111392
61608
154468
47002
89474
25802
8192
66730
8193
8190
42043
8191
256547
15322
23311
24852
12443
12518
48858
2253
12441
15230
15231
15232
15233
7427
7426
77180
92580
35720
35721
29235
92235
35728
21350
21351
42529
6602
12632
12635
6607
56561
56562
205430
10851
84954
18556
21031
21033
121308
21037
21036
21039
21038
19539
22045
22044
22043
65723
22049
12182
12180
26201
26208
18554
43387
2352
2356
21962
4572
21789
21964
21968
17690
1899
3736
3735
4691
13581
13582
13583
2133
13587
13588
13589
4929
4928
11726
11727
11721
96802
5161
96800
96801
96806
96807
96804
5167
14000
14005
58120
20781
4803
17078
2781
62550
36407
36401
4777
143921
60776
24207
53800
174810
58389
58388
14913
14916
101816
14915
34801
48529
39895
2079
1792
9462
662
12155
6840
15757
15756
24498
40381
29457
40388
29321
8233
6591
6593
15533
15532
8234
30859
30679
76441
95055
15510
59475
19102
7639
7632
31678
7634
8786
37133
11955
319981
47436
47438
34118
34119
9847
100404
9849
19027
38115
19026
3093
3090
3091
1244
28496
5817
212214
22548
16217
25819
22237
16215
3127
31096
4102
73692
26431
26432
26435
9646
24696
24695
24692
24693
9311
17611
3893
3890
38910
38913
56170
31899
33064
13510
11538
5954
5957
5959
11532
18316
11537
11536
11535
103533
61413
25019
21752
52414
46163
128825
128827
128826
27349
75976
27342
27344
25279
25278
286573
286570
11790
52452
97369
52456
23569
6037
51561
107567
10060
10064
199460
10068
10069
2656
7388
26907
13451
12374
12379
255138
54850
141157
9065
9066
10287
10282
10281
21570
21573
21574
21575
21579
3566
22848
17483
22844
22846
17489
13390
13399
2903
2902
44478
2908
700
701
702
703
14614
14611
76611
20192
38675
5317
38672
102056
13026
31799
108545
17874
17876
17877
3157
148
17873
54141
11081
11080
17879
132370
62059
20224
94512
83312
83315
83316
23558
27645
27646
6464
27643
27649
23085
23882
23331
23881
23885
23339
23888
23889
74961
74962
8574
8575
34561
8571
8578
15258
12579
26413
12572
12570
15251
15256
15255
39232
7404
39231
23213
39237
19083
2815
19081
19080
19087
19086
16507
32214
16057
19088
116965
12619
12618
12615
6625
259717
26597
26596
69446
26590
158183
100349
26599
26598
24734
24737
24736
24733
24732
23306
29954
19889
29952
19887
19885
22062
22061
22060
22068
13625
13627
13626
13623
4713
2339
81268
257216
25488
18285
43417
14701
3713
3712
21901
21900
21903
21902
21905
3718
41815
17678
17676
4124
17673
43672
2488
2489
13564
13565
13562
13563
13560
43678
57149
12970
11705
11701
11703
105646
5144
5142
5143
120855
52668
20767
17010
17017
94680
17015
36462
15354
22839
7954
7952
9164
20509
20503
20501
20506
7245
7242
83813
36683
10346
42105
7958
6822
15732
15737
15736
6828
6829
10545
10544
10547
10546
10541
10540
25598
80722
10548
288333
30541
16088
29304
14930
8813
8812
333483
37335
18276
18273
18900
18903
18902
59454
8749
8748
30877
8746
8745
34355
8743
8214
8741
7652
7655
7659
334146
319968
319969
53957
47410
252124
115227
31131
83108
35884
86167
9861
44884
9862
9864
9866
11146
14427
11144
14425
28301
23782
24500
24501
1519
28685
1516
26404
13814
13815
13811
27095
27094
28168
96213
18864
27096
91265
103735
14846
79482
56489
73418
18566
11552
11830
11559
118629
51251
5976
22214
51210
22212
103881
22219
25071
25074
25079
21047
19503
27367
27363
27361
21043
27369
27368
56153
194114
21478
25296
25290
25292
16266
14991
265
55822
14996
269
6010
6015
6014
6017
6016
10605
56731
17249
18966
17247
25039
21473
17241
17240
982
24115
987
985
49590
173535
21477
32476
18960
63037
12396
12394
12395
12392
12393
69166
306975
26011
246873
26018
26019
9089
9084
21598
21596
21597
46816
223457
21591
98878
5089
5083
5082
3502
22860
22866
22865
158722
2672
2675
81856
2679
23626
8771
5335
5334
18592
18593
18590
18591
14637
79102
38655
36146
36143
13043
13042
36149
13044
70493
33517
18045
33513
4399
33849
18739
91011
62077
3171
3172
27563
27562
27564
27567
24925
29790
29823
29820
29821
137872
29824
29825
85815
40758
129195
21956
23531
23536
23537
23534
1163
118451
23539
66517
126616
27623
27620
27621
27627
27628
25841
25843
129220
134640
29178
47197
3190
27198
27199
12804
8008
12803
65899
8005
8007
8000
27196
105819
39211
92272
17686
39219
35768
14190
7465
7464
16079
16078
16073
117076
16070
16076
798
22661
22662
10893
26574
26577
26576
26573
26572
24713
24716
24714
36090
65271
23999
22002
13592
77769
13607
2316
2314
2312
4024
17655
17657
17388
17389
13540
17383
13548
13549
57170
13241
16383
16384
19571
96799
96796
96797
96794
96795
11766
96793
96790
11765
97449
20745
20746
20747
17034
17039
20748
28414
14441
14442
21926
21294
21921
21920
21299
80112
21928
20529
14448
18349
10388
163726
80373
44646
7267
16929
6207
6200
12230
12238
31765
41692
41691
6802
6800
6801
9744
107710
29364
21436
21431
21430
21433
21432
19151
21438
19402
33679
18929
18928
8839
8838
112229
18923
18922
8831
18926
8832
59928
26802
37176
1757
29588
24524
24525
24528
50090
1285
1287
1286
5735
11169
28365
14404
14405
14406
1289
1288
14402
8724
94493
34376
94949
34372
681
1574
13834
13835
13830
13832
13833
13838
13839
85985
5627
85989
28182
5620
31546
111948
259944
35203
35202
35204
5994
23276
23271
188768
11576
13877
5999
5998
11570
51278
19381
23841
22276
25729
25058
25725
25056
25055
25054
43862
26489
97146
6782
27389
6786
46120
27384
117792
46124
27383
56132
73385
27175
247
55806
16718
16719
16717
16246
51857
16240
16241
16242
16711
22496
22495
22490
12003
12000
26661
26380
26381
64608
31498
17002
63053
121554
9240
95782
9532
9531
26667
21608
21602
45479
26034
45470
270050
26031
24094
24096
42803
44782
24078
22800
22803
157063
22807
22809
46876
3528
38519
116117
38511
38513
10716
2699
2698
2697
2694
2693
14650
14653
14654
14656
3549
25446
13067
13066
13065
13064
13062
13061
13060
2528
13069
13068
63104
18718
18719
18716
18717
18711
18712
17839
27542
20261
144381
17837
83603
40773
40772
23518
23519
1147
1144
23512
23515
47200
27601
27602
27605
44453
39586
31756
31203
29115
79526
76216
91699
88558
8020
8533
8026
8027
15290
8025
7440
26634
26635
7449
92526
26639
61497
378265
15768
22643
22645
26559
4281
13999
26556
24779
24778
28641
28643
28642
151575
28649
126490
22027
22026
22024
65215
22029
22028
1306
386
4758
4759
43458
13661
13660
13663
13662
43321
13667
19771
5873
19773
11299
16015
16014
16017
17632
17630
17635
56859
17639
13520
4630
2195
4634
13529
22902
11748
1301
30130
19599
39920
19594
19597
194032
19591
19590
20726
20895
20725
13298
25557
60799
25555
13292
13293
13294
13296
4816
26298
43315
114154
4765
42324
42492
2730
20091
20093
41367
134410
4769
9185
10369
9180
21520
99531
10360
9188
16903
16902
7209
16904
26294
7201
7207
7206
298227
97466
12211
12216
6225
6229
11611
15844
9761
10503
10502
10505
10507
10506
21413
21412
21411
24170
21417
21416
21415
21414
18949
24179
24178
62796
803
323692
8857
59949
168685
26829
168686
26823
26821
40091
40096
53350
1778
41144
108297
83144
54881
18361
24547
18363
11941
1551
14468
1555
17991
17990
14463
28342
3032
8702
15595
15596
15599
15598
34319
30618
13850
13856
13857
13854
13858
19254
31569
5607
5600
5603
19252
19253
91224
38379
16755
91229
19928
19929
17061
63269
23250
23709
23708
23254
23707
23706
23703
155640
15337
6427
15330
30963
30962
27015
27014
27016
12459
194686
73670
23668
22251
25708
151986
37551
25701
25700
55796
98618
6765
6760
56449
9978
12025
16228
19909
12021
32063
16220
223
32064
96798
43846
21627
21622
21623
101993
219866
51518
5765
349419
349418
26059
43153
5761
26057
26054
26055
46500
135958
46509
158763
208560
75089
17173
17179
5040
94102
38576
38575
10770
9510
9513
14851
18888
18889
18884
18885
18886
18555
18881
18882
18551
38612
62300
23172
13088
13087
13083
0
13156
36105
18779
18776
20289
20285
20284
20287
20281
20280
39625
39624
10195
84582
10190
10191
29759
10198
10199
40937
68816
1126
1127
25885
25883
15104
29133
18080
18081
31776
8517
8042
8515
8510
12593
8048
8049
48095
15319
8518
8519
102496
26073
26614
26616
26617
26613
24289
23066
23067
23061
24280
89488
126651
22625
61792
88280
26530
26537
26536
52822
52824
52826
24755
26424
24752
24751
23414
23391
28888
28886
23399
4776
13646
13645
13644
13643
13642
13640
26287
12519
24238
89221
32278
5810
19756
19755
16034
5814
16032
19750
17610
17347
17344
17615
17616
17341
13508
4618
4610
4613
13505
93362
23932
104025
23931
57651
7425
27227
14248
27221
51155
147
2706
20700
20877
11200
20875
20705
20706
4885
25575
25576
25577
25571
25572
25573
16690
16695
16694
2712
2711
10699
7220
7955
7222
7953
9169
7951
7950
10691
95424
10692
10347
9161
7959
9163
16962
121296
6249
12271
12273
12272
12276
123523
10522
10520
14393
9708
9709
9701
9702
9705
21479
24118
8873
8872
223779
14994
14995
8879
21470
18965
14999
18963
21474
24117
24116
141708
26841
26840
44577
26847
26849
26848
88200
8161
12495
5252
14199
5257
5255
68648
5258
12268
15821
15822
33312
15824
15829
15828
40215
18343
11121
14334
11123
14332
14333
11128
24562
24566
139
6250
97493
8729
30369
34330
8720
8723
8722
34990
30362
8726
238302
11505
110769
14439
31016
31017
31014
13873
31540
31011
188146
34190
26718
130921
14834
23729
23728
23726
47077
23724
15313
10
27039
48868
15316
15315
15314
150835
30949
12478
17433
7765
7766
7761
3903
3908
6744
6741
6740
225960
19535
9717
92998
35244
221043
73925
9953
35248
19256
200
16202
19924
16757
16206
16207
16208
16209
16758
16759
21468
12042
12043
12040
12041
12044
12045
119811
21462
21463
18972
21642
21864
21641
21863
21644
21645
8880
21868
18975
24104
46257
3655
3651
26070
2524
2526
2521
2523
2522
12183
45432
22048
11465
11466
5066
5063
5062
5069
5068
116154
24181
17155
17154
17404
98890
159432
25186
13319
13310
9573
9572
9571
9570
104760
9575
9574
920
921
10752
36746
36745
113051
5392
11808
5396
5395
11803
54232
112900
14247
14837
45293
45291
45290
332141
20115
20114
11933
75904
44748
133312
21410
27583
27581
27580
27587
27586
27585
6577
39603
39602
99769
6574
18574
18570
18573
18579
15125
15122
15123
15128
15129
39546
129286
7155
21788
7153
26982
26983
37655
18754
106999
143073
8069
6059
8060
15332
23297
40663
28962
14841
26679
50338
50339
154952
26673
2897
26676
26675
23003
23000
23001
1451
7072
23009
66206
28062
129827
22607
22354
22604
22353
22352
17699
26514
26512
26511
3831
269841
7630
28609
38232
6906
13580
73556
4922
2134
130594
4692
4799
4794
35650
4792
4926
2131
11251
4699
19009
19003
32922
32927
32926
32925
19004
393934
11784
11785
11786
11780
11781
11782
11783
11789
25370
25371
51177
23915
23916
23917
23910
23912
27208
27209
27207
27200
120233
76030
33973
21983
21982
21984
14302
140496
17364
18358
17368
5160
10323
96803
2773
2774
9499
16945
16944
7979
16942
16940
9490
5164
191117
9145
12254
96805
2602
17090
17091
17097
20852
10078
17098
9726
9727
209687
21457
21327
24134
21453
24132
46953
48481
14007
21329
21328
24138
3463
17968
37402
8892
849
20581
20586
41986
41329
20585
249962
20589
207525
7154
26869
26867
1586
26865
26864
40052
1584
17075
71955
12424
68668
5230
5237
13122
15806
15805
41186
58827
40275
3071
1597
1596
14318
14319
14315
14316
14317
1599
18324
27446
27447
20325
20322
91158
24890
17957
8721
20328
19676
59989
21944
59984
83988
66923
31523
31524
5643
12368
132501
18021
29074
29076
29070
29073
40583
23214
28292
23212
23211
23210
27050
27053
87400
109202
27056
27059
485
30009
483
482
481
12419
15373
30925
15374
6466
7742
7741
50783
50782
95386
50789
19490
3923
19492
3921
3926
19495
19497
19498
6722
8305
14919
161376
5657
6729
6728
16710
39064
9070
7488
9938
27147
9931
9930
9935
9934
32718
19279
16770
58387
19276
16773
16774
16775
16776
19273
97381
22162
6091
6090
6094
22168
22169
100067
49344
25749
25748
49518
21669
21848
24838
24837
21846
21847
24831
21111
3673
3675
2542
2540
1455
26095
26093
26091
11440
11445
11444
11449
11448
23007
3582
3583
3584
3585
3586
5004
3588
17138
17423
17422
17421
17420
13339
906
20068
4426
4427
13335
102831
14923
9557
62342
13956
20139
36236
25121
172263
25432
146155
297683
83407
134716
41047
134713
27870
186669
17058
29248
133596
29244
29242
39667
18512
11860
14815
163269
8930
18517
18514
163262
18519
8938
163267
14819
20707
175816
34274
34277
34271
7174
7171
7179
7178
8628
27029
6528
37678
1693
1690
1691
26510
30028
30029
12882
12883
12880
30023
26653
44944
86629
66260
14767
24249
24245
24246
24241
14768
24243
24242
28598
1476
1475
28041
28040
28594
22379
12467
22373
12460
22371
154819
13938
13935
13937
4220
13932
28625
28624
5581
24792
79541
95840
11275
11276
11277
35632
13680
11278
31996
23313
94017
23689
23684
7732
23683
88799
25354
25356
4923
25351
29453
25358
25689
95547
25682
14426
8878
23972
23973
23970
23971
27268
22082
22085
22086
22089
27267
27264
27265
25530
25532
25533
25535
25536
215618
2281
215614
2284
2286
19684
19687
32366
19681
19683
19682
19689
4539
139538
42344
142878
4534
193661
6734
10909
9122
9124
9125
9126
9127
70082
9129
10657
53040
10653
8237
16439
13442
7916
7980
6288
6289
10629
4790
6597
57500
6598
184
188
20839
152203
53593
59388
21300
21305
6362
88206
49702
84742
324342
3448
22968
22962
864
2757
2754
2027
2021
10400
11255
16631
44530
5217
10151
5213
14159
14157
14155
14152
5218
62483
13105
13106
13100
13101
18306
18657
18656
18651
18302
18300
78555
18659
11976
17931
17930
14378
38027
17934
3058
17936
33902
28456
3051
27468
27469
19007
27466
20301
20302
92704
83210
217
214
41707
32707
15688
4595
15683
15684
15687
29053
29505
29501
182041
136401
19268
66013
23761
23760
6447
15355
34485
15353
15420
15351
27078
27077
15429
6448
27070
13115
3304
60650
7727
55087
32889
19478
19476
32887
3945
6709
115972
6701
8324
8326
6705
8320
6707
8322
73960
9912
9915
56420
39084
24476
24474
24470
24471
35283
50103
50105
218869
16309
19210
19216
22145
241732
22412
22413
22142
13747
13744
13743
13741
26306
26307
69907
26305
4059
13749
24020
43286
43285
3611
21829
21822
3619
21820
82811
21825
23543
73212
5773
43130
114624
99909
2564
2567
2566
11421
11420
23096
11425
11427
5029
5028
17115
52503
17112
17111
17119
13351
13350
13353
13352
13355
13354
4446
81483
13359
27925
20469
14096
53909
968
24817
49063
101353
24818
24819
13013
20150
20917
20152
41286
41288
20158
21851
19935
19890
203790
21676
125941
80417
24826
27895
27894
41061
10466
10467
53675
10462
39642
12609
23315
71213
18538
1539
33759
58285
8918
18822
18823
33750
34258
59088
30597
7113
29193
49937
18797
18792
18799
158697
30048
30042
30041
30044
40620
14743
14745
24267
24266
24265
21989
68529
68521
15675
15676
4208
13916
13914
22407
5563
79210
309
35613
31312
305
23948
19049
19048
19047
19045
19043
28513
87859
26240
22317
22319
22318
27790
87856
25332
25333
25336
25334
25338
23404
23405
23401
23958
23959
74740
23409
109017
8292
65297
78897
14525
87449
16182
16181
16180
117100
80645
80643
97752
12745
6115
6116
20062
12741
10923
9149
10924
17320
16943
17322
56364
281960
16410
7281
7280
9458
7934
7939
53062
9456
9457
10677
9451
53064
33736
16989
16988
21149
21148
9491
21145
16981
16455
16986
12292
12295
12294
16949
26119
26118
20814
20815
6223
85548
21369
21499
21498
22940
22941
21493
21360
21363
21362
21497
21364
21494
3422
3420
17580
17581
84766
3424
2008
2009
4850
14174
18496
18495
14172
14173
6614
15904
18498
11988
6962
11982
34419
11980
11981
68760
60609
20856
10583
36065
53240
13163
13166
13164
13165
11182
33921
78539
18676
18675
14359
18679
11539
94470
91114
17918
17917
17915
17911
17910
27400
68094
27406
20367
20365
85960
47895
18974
12983
12982
138826
628
8761
22996
29529
54606
29520
449
1339
442
440
47767
105915
6930
15400
8699
8698
8129
15404
8126
6939
8123
8690
8121
8120
7706
26754
7702
7703
7701
39311
21455
39313
39312
66654
21326
24133
31072
31073
21452
21451
19182
19183
19180
8536
19184
61388
29975
73986
126880
28926
24459
24454
21458
24450
22434
22436
22437
155752
77407
73181
22122
22123
22120
77159
38957
86318
55755
13764
13765
81471
4071
4070
13762
4072
3966
3965
5793
5792
19458
19459
3969
16340
23605
3637
3635
33386
11406
11405
88381
11409
11408
19984
32757
19238
19239
19988
19989
66158
38865
17469
17468
38868
17466
17461
2346
13379
25479
4460
4461
80253
942
943
21801
24870
21803
24876
24877
24874
24875
21808
21809
42061
45581
20179
20177
20176
20175
9546
20173
20172
44550
44728
16847
16848
16849
6454
6324
12171
12179
9447
26863
9667
29203
53659
10118
10119
10116
10443
63128
21778
63126
62833
6567
26929
26926
7130
7135
7134
23288
37639
21790
26682
68097
26694
26695
585
26693
40358
40609
40608
24201
21972
2839
24206
50350
2836
14728
5405
28559
28009
28008
3399
28005
28004
14725
5409
34230
202971
38785
68545
13971
13970
4262
71619
77232
18114
18113
18110
5549
51013
5542
5546
5547
5544
30062
79279
8599
8597
8594
34583
110119
5891
5892
5893
47372
5895
5896
5897
21230
11236
69979
15802
4233
25917
25915
22333
25649
25310
25311
25312
25313
13570
34283
23429
4911
11711
9895
320
17262
324
17264
16612
162943
16614
6138
22590
6132
12762
12761
6131
6136
12766
12765
6135
10948
3074
10943
16477
9478
16472
93897
57526
9477
9475
24999
21169
219968
108402
9203
1598
26178
2248
26170
26172
26175
2241
64096
2243
21343
24194
24197
49210
24198
85526
3400
22920
3402
3404
22924
22925
3408
22928
45973
4877
4876
41929
20320
55032
4879
4878
94043
57034
13498
2799
13492
2797
13494
13495
14112
33492
14111
14115
134
18471
108606
52712
19357
17003
68391
68390
13140
13142
60620
20691
20696
20697
9780
9781
57016
9785
9788
36045
19358
18611
33277
37934
20436
20341
20342
34917
20432
20431
20348
91133
8211
83257
146250
40033
40034
40035
40036
31134
15649
15648
15647
15640
7096
29544
7090
14297
78048
1359
1358
8101
468
8103
8102
72617
8109
109685
6959
15399
15398
6950
15460
15463
12892
15396
6484
26772
15452
50722
50725
50729
9685
9684
26642
8360
8363
8366
34778
21223
107232
145885
24607
3182
28945
24433
24435
22100
22101
22102
22451
61506
26340
26346
77179
13708
13709
13702
43711
13700
13701
13706
11399
19432
49823
3989
3985
3986
19439
389781
23854
23851
23852
23858
27161
27160
27162
16282
282
16285
16286
69364
38887
25453
25109
25455
36216
16720
25458
25101
8053
7251
74156
24858
24859
46036
24851
46034
24856
2475
22734
23745
57199
28293
16869
42621
6308
12154
6304
12156
6303
97239
10132
70254
10429
63451
9315
29223
152388
10424
18862
8954
18866
21759
8950
21751
8958
21753
141043
84040
26904
26905
26906
40194
27057
26908
125234
1630
3215
3216
484
1634
3213
51785
44306
248828
40730
2811
2810
29486
29487
564
29953
14255
14706
14704
14703
14250
18280
14700
24224
24223
24221
24220
79071
5425
5424
3374
28576
30260
143784
59599
109942
4248
31135
4247
13955
13954
4242
31130
28683
18138
18139
89758
67734
3574
67739
30081
185212
66172
21386
23198
23194
23627
23622
23623
23620
23621
6547
15075
15072
15073
15070
27757
106611
27752
12981
27751
25938
121387
7848
23991
23993
23998
3920
27286
23449
23441
23446
23447
23445
58394
115813
33640
13021
58390
7519
14922
19376
19371
19370
16679
142814
61197
88627
88150
6158
10967
10962
10961
25664
25665
25663
26480
26483
26482
21101
21100
21102
21107
16495
8300
46489
130138
4836
26157
26154
7991
26159
199059
201545
2260
2261
2267
125881
46266
46265
22908
8752
158406
22903
22904
70067
23695
4819
4818
45685
2048
9410
11617
57050
11610
53028
11261
820
14138
58856
11948
11949
11946
11947
14132
11945
11942
70228
11940
14137
132376
27994
9612
18936
36530
9349
90061
19970
33214
27500
34975
48142
39744
10097
10095
10099
10098
108957
15668
15661
12940
12947
20444
7071
123497
37774
18633
37954
14392
16771
78060
18639
6977
12493
19277
8167
15442
15913
30749
30748
220627
9467
114863
26716
20441
148942
61699
8388
61690
34793
100571
40417
40415
33316
77374
4389
24418
24419
4386
4385
4384
407
404
403
23298
1379
28746
28215
23293
22475
13720
4030
13723
13726
4039
11371
11370
19418
19412
51075
32535
19140
51071
23871
23870
23877
23876
23878
27143
27142
155241
27146
27145
27144
51613
140083
27148
60125
25439
118030
36237
25430
25433
25120
14430
49432
80743
98073
75849
16938
2454
7852
7854
4408
39910
43593
16809
82830
16803
16800
117331
6368
21661
12133
13903
9335
53611
9337
10403
10405
36495
10155
199557
53349
23150
21667
9624
18848
18849
5496
14897
21730
14894
33043
14891
41223
45277
23330
86512
26966
26967
26964
26965
26968
83591
257533
28320
14094
14093
98921
1968
3237
1964
1961
59821
13267
13261
13263
13262
45091
45090
2873
2871
2877
78493
78499
78498
3355
3354
14271
3356
58332
28514
3353
3352
3358
20067
20061
20060
20063
82060
62251
30248
8570
30247
30984
31112
64992
18156
5503
18155
87607
106938
12798
129081
541
547
545
67759
29978
66152
23607
66409
66156
23602
23603
66159
235469
23608
48945
27777
27773
3881
202610
47946
6569
15055
15056
15057
129558
24101
35142
96658
29608
12571
112848
74729
23467
23468
74726
74723
65983
34630
8442
34632
239023
72350
8039
97520
97521
35320
35857
7538
369
7535
7537
92634
360
16129
19608
16659
19359
19606
19601
19600
19603
19602
24109
12720
16406
10988
331867
52930
7400
24604
201386
25606
25607
24603
24602
25609
24609
24608
24959
24956
21123
24952
184606
38980
75984
3217
75987
75451
81603
81357
77636
77632
58392
11586
11587
11585
75186
16056
166916
21383
21382
21381
21380
21387
900
21385
21384
94003
17297
17290
17291
130136
13458
13457
13454
4521
4520
300294
14984
7996
125734
9439
11635
15933
105512
22681
62407
5299
62409
70143
5295
5292
5293
5291
13184
13185
17749
20658
4425
20650
12614
17591
63861
80550
4753
41908
20384
20385
20387
20380
20381
8145
20388
8632
8631
20471
9293
83928
9295
83925
18433
11967
11960
18434
18436
210427
18438
11968
26732
30187
30184
15604
15609
15608
92405
30188
21361
7059
7052
7053
7054
37204
37206
18383
8149
8148
15931
6998
15935
15934
6996
8634
6990
6991
8147
8146
40783
26731
40781
257709
26738
24381
24121
114844
24122
31586
31587
47832
21331
213695
31585
50180
9023
2996
9990
9993
9994
9997
14514
14515
11032
14513
14510
14511
11039
9022
72652
72655
426
77136
24601
850
19164
51055
19163
19169
155089
55007
188014
130309
23819
23818
19296
19294
23811
23813
23812
8258
23814
23817
27120
41999
25140
25415
25142
25144
25411
25149
69320
60495
80760
80768
4712
13676
25385
52235
27704
39975
30848
23343
2431
2434
16823
16824
19831
7833
77351
12110
6343
12113
12116
12117
29786
17199
17198
119946
52586
17190
6518
9602
9605
10175
53363
46693
21719
102472
1806
3780
84004
8993
105792
15020
45524
41206
26948
26949
113452
26941
26942
113451
26944
26945
26946
26947
15027
14077
1943
211108
1946
1945
13243
37395
59809
59808
70219
138416
71166
164590
46627
5460
3331
1493
5467
5469
58316
20043
20042
62238
23781
175344
20044
38766
18173
13113
18513
163268
19958
529
11864
23662
23660
28396
1233
126720
136019
66420
27712
27710
27711
27717
27715
15039
13568
15032
25979
15030
43670
15036
15037
15035
174564
31174
24100
77836
35129
9643
23488
23489
4673
3807
76999
23480
23481
8460
24165
8464
173162
8468
13561
177269
56726
24595
24594
24591
35877
7556
7554
55278
16103
19622
19621
55277
19627
19625
22283
22282
22281
22284
22534
22536
22531
22530
22533
13885
13884
120761
26449
16987
26444
13889
26440
25627
214364
65301
24978
214363
65308
24976
22759
22758
38968
38965
22750
22753
7548
14272
10059
2229
26192
77656
5924
10057
10056
101299
5928
17505
17500
17501
17503
4505
100481
4506
13473
41947
4509
2088
27475
2082
15416
27474
17018
2084
11659
11652
11656
11657
27955
17763
17764
52778
62930
99393
20764
146720
17014
11034
85014
20450
20907
19615
45753
27484
20901
20458
20459
112034
20908
16133
19342
53792
19611
12305
11903
11907
33434
11905
71372
18411
18410
6433
12907
30167
12904
15623
15622
15621
12900
10233
9015
9010
7035
9012
9013
27149
24027
12733
6432
24023
21502
63337
21509
14336
15959
15958
15489
119313
15483
15952
15955
15954
15957
95348
86706
92420
7784
14687
14685
24360
76350
32714
26654
67437
4342
11018
14531
11012
108266
17888
8616
8611
39296
34422
72854
38154
72675
8619
17884
17887
232910
77486
11331
11333
11334
11336
51397
201399
43227
170253
19103
55063
19101
19106
19104
5717
19108
103339
25631
127601
35484
145639
25143
24240
23345
23836
23835
23834
23833
23340
47103
23342
11485
23839
11480
27106
27105
27108
46477
18734
206178
74332
43958
25160
16596
16598
23022
23023
12685
12688
12689
36686
10824
10825
10822
10823
10821
10828
7816
53169
57688
57131
47734
93959
21082
22378
19818
21086
21087
21088
19815
19816
32130
47045
26272
124870
358315
28917
159038
26279
85486
9370
9377
21268
49628
21264
49190
76234
1826
184839
21115
4978
4979
2419
4977
4970
2149
27044
15733
1920
6823
58159
14051
58152
14056
58150
6827
2283
162799
20435
36906
36909
13226
147394
33374
18994
18995
18992
18993
14230
108074
108075
14948
112879
18999
3319
38700
62214
5489
163536
143720
20023
34853
27504
36633
36639
53530
345967
47489
18192
18193
61
12404
103106
59688
59682
99619
29938
508
509
29930
507
14601
29422
29421
23649
632
633
635
23138
23136
23641
23642
23646
23647
6523
15543
30390
15017
15018
8265
27732
72191
50828
27736
8263
77813
25997
25995
25993
78767
29640
31154
31150
3867
3864
34674
283770
9818
107336
100455
9812
9813
15437
18909
35816
19467
19613
12112
3930
13468
4150
4151
69826
26462
26460
18996
26466
26465
28115
24648
28113
28119
22776
9741
22779
92942
73315
92944
38946
120372
34359
31845
97889
19315
19314
19313
19312
19310
19648
5909
19318
17561
8215
17569
3484
30872
4562
13410
4560
4566
13418
13419
11670
11671
11672
11674
11675
11676
24911
24910
24913
17788
17789
45198
27938
17781
25206
25207
81939
25200
25208
185518
11566
6065
12091
6061
6062
6068
6069
18991
41439
2607
20928
20929
87099
20924
45992
2608
2609
20922
20923
71313
7378
21690
7373
7372
7370
21698
12322
12327
12325
12324
54826
11921
12328
54822
30143
30141
232550
174712
10258
9031
10251
10253
9039
10257
24003
49872
54796
18692
18695
18694
37711
18696
49879
27946
55526
29897
751
750
29893
755
3783
24344
24345
24346
24347
50239
50238
2955
2950
5344
58746
29789
79175
4364
9151
4360
67980
4369
4368
18037
18036
18031
18033
18039
18038
28279
11078
3108
3107
58569
15973
8676
34444
34448
15978
4090
13787
238563
35714
4991
50941
35712
23587
5731
5730
47292
11313
47298
23589
23588
19128
55049
19120
19122
32843
55043
19125
27699
19127
88878
32836
48331
25832
25838
130348
35886
20445
100093
20916
28858
28859
23364
23369
13683
12527
8093
12520
8091
8090
48110
39261
22180
22184
22185
22186
28304
16578
27443
19784
16577
316958
12669
12667
6653
56537
14078
2288
63985
18915
19878
14428
21067
21064
16311
182148
21060
16315
42692
52099
4175
2381
2380
26258
81586
2387
21830
60080
135615
21209
21202
21200
21201
21207
8047
1841
19686
2165
2164
4957
4955
14031
14032
58171
14037
17044
17047
17041
17040
17043
17042
3296
5134
17049
17048
1900
13206
13205
60722
13202
13201
54500
33423
53858
11914
14962
71128
14967
14966
18208
14964
33605
18207
18204
18205
14783
18203
18201
20006
20001
83574
83570
15266
43120
153885
15264
44165
12811
8562
84404
85809
6892
26980
15788
2571
17303
99634
15615
57808
15269
15268
198268
15618
1278
3425
57090
8249
15568
59405
59404
15564
15565
15566
8796
26896
26897
26894
29663
26891
97737
78781
148869
34657
34127
34652
34651
17435
91964
91965
34658
194892
10659
131753
131752
9838
35834
15321
44835
9830
35389
23110
305859
23118
53047
153409
65168
87983
10302
98208
26409
48596
4139
4130
4133
4135
24669
3840
3843
17129
5694
64182
28139
13322
38927
22797
4432
22792
31867
31865
35520
92921
124998
52537
51209
51208
5960
51975
51201
19661
19660
17549
28704
17238
17239
17237
17234
17543
17544
17547
60539
4541
13431
13432
16041
37214
13436
13437
17799
11697
82244
27314
6285
46156
24930
20638
6287
2590
20631
20913
85589
20833
117239
6042
6045
6048
6049
2622
2623
15920
20947
20944
9582
9586
9239
10012
10011
6980
9231
189
210484
71331
51971
12345
26725
146186
26726
10278
9053
9057
24069
24068
21541
176597
33298
20123
24064
37261
41452
84368
41456
22897
26791
29878
66313
20129
74
24326
24324
202234
5362
5365
5368
47854
30125
40497
11050
14573
14574
2985
24491
33839
106786
38113
79333
79332
3123
150414
17840
72818
8659
115402
26290
15999
15998
289979
15990
34403
21004
114576
31470
114571
19057
5757
5756
51562
160573
23564
23566
27679
27678
15192
27674
25811
25817
25815
34401
47310
188076
188077
51693
23302
23305
23307
23667
15220
12506
12505
12508
405989
7434
7436
7437
39247
95293
7433
7439
16555
23669
16550
16558
6677
16081
16086
6678
2326
56516
2325
69388
8284
145185
10863
100861
69476
19850
19507
16880
16881
19854
19855
21042
19501
16338
32179
16888
16889
21049
63610
319088
4708
2368
26232
124834
2360
46366
21954
42390
21224
21950
21228
21229
42398
17687
1860
17685
28242
17682
17689
17688
4930
13593
4935
4938
27073
6503
5215
11730
11733
11732
11738
5115
5114
5117
15031
14019
14018
58118
58119
6951
17063
17062
20795
20793
17066
17064
60704
60705
27071
10489
57398
10485
10487
897
14901
14900
35481
14902
147356
20571
6880
20574
20579
260
44142
16260
1783
6879
15769
15766
15767
48752
15763
15760
15761
40396
239551
8924
23487
3806
30820
11874
8229
15508
3803
15506
15507
7607
29687
7601
47449
14486
9850
9852
9855
9858
67867
16035
18650
108161
162997
44851
1524
28482
1522
28334
89884
28488
1258
19891
19111
22559
22558
22227
22554
22553
22552
22551
22550
11771
257018
21166
4110
4111
26426
77505
7894
4119
96246
96786
24688
201657
24686
17933
24682
19119
54069
28150
55439
28154
92907
73355
5707
81681
23797
16475
5945
5942
11508
11509
11507
93059
23798
23799
65100
27084
27085
122528
65107
27088
27089
120472
56706
23044
25028
25794
16059
25020
25793
50041
82263
27339
27465
27334
27333
25242
36082
25247
25245
42253
17215
52426
17217
98538
17219
386416
10077
19335
70191
18783
9219
9210
33584
16756
33104
33109
12369
252235
105267
188000
9076
9077
9074
9075
44281
10297
21567
24046
21564
21563
21562
10678
21569
24048
3551
142661
170979
20960
20961
20962
20963
20964
59420
30905
2917
243232
711
710
24308
58256
54283
24300
24303
24304
24305
24306
24307
5308
164635
38686
29988
5306
5307
13012
30458
13010
232519
4325
4326
18071
14594
14595
18075
18074
14590
18076
17868
12703
27533
20211
17866
27538
66813
23099
23548
51504
5771
23542
23541
5776
59076
27650
109485
25878
2060
67496
29148
67493
28810
23893
23324
23897
23899
24979
18247
65300
109620
82013
72749
15240
43494
15247
18244
39221
7418
1468
117024
55371
32993
16534
16535
16539
22869
6613
12620
12621
88743
61095
12625
10845
56574
158191
1460
58391
120312
60944
120310
60943
22764
21020
21021
10674
19524
19525
19526
19527
19520
19521
19522
19523
22751
22052
5085
22050
12192
5084
12194
12197
26211
26212
69634
2341
2342
26219
24164
43394
25494
25492
25491
21978
21974
21975
21976
2067
21971
21796
21973
79917
3708
3709
1889
17665
1886
184899
17660
52766
4918
4919
4916
4917
93888
4912
4913
159133
43648
6445
11716
12433
11719
104508
57151
15352
6440
5175
26197
5179
15350
15344
20779
13927
17001
17000
20777
138
17004
1
4234
13922
15345
128647
128646
12439
9683
9682
128649
128648
220998
5593
15346
20518
20510
20517
7254
57867
194355
36690
15744
6857
41130
98557
16013
15348
6859
6858
83
11822
16012
29440
95126
29447
14927
8805
14925
14924
18246
112502
8802
8808
8809
6583
30840
6580
8758
30847
8208
6584
8206
8207
8204
8205
232708
146825
7624
7626
39416
15765
13474
171590
86177
9876
9870
11156
24518
14433
86463
24514
24516
11159
14438
24513
24512
32884
1501
652
21454
28313
23151
3086
3080
23156
22208
22203
22202
22201
22200
22207
158056
9197
13804
13801
13800
13802
3887
3886
151289
28171
28170
19112
96228
13571
11205
66493
100292
102400
22226
10531
18042
102406
11524
8325
11523
35562
32691
18046
5767
43894
25003
25009
153752
8935
121855
73968
97179
27353
27356
27354
27355
25265
25266
25267
16276
19950
19952
20670
16278
42278
78445
6002
6003
26866
17273
52446
56729
7394
7391
36868
10058
12646
53315
10727
49584
12388
24800
8984
12385
12380
33126
26006
246869
26002
8983
46803
26356
21587
21581
21580
21583
21582
29822
49636
17492
3578
17490
17491
5090
22857
22854
341348
38529
22853
22850
4496
13384
2661
20982
20983
133507
18589
5327
11899
14609
14604
5328
11893
20186
20181
38667
79115
38661
70460
13038
13034
13037
13030
13033
18727
18054
18721
18720
11092
18722
4428
36217
18059
17801
17800
17805
17807
17806
17808
54151
132360
30781
94522
20236
23535
27510
20231
20233
29787
29830
29785
29784
29783
11263
132039
67654
67123
29788
23521
23520
118449
47983
66830
1168
42945
47989
41891
11262
27636
11833
25855
25850
19675
55808
29162
31250
77954
77951
26304
77953
77952
14895
8567
8566
8565
12544
88584
15262
12541
15004
8569
8568
19018
7479
31434
50922
19729
16510
16511
32204
16042
19723
19092
19093
22690
22691
22699
12603
12605
26586
26587
26588
26589
184423
24722
24728
19548
19549
65241
19546
21005
19545
22079
92904
22071
22072
2323
13637
13633
4701
2324
2329
13639
21558
72117
3760
21918
3768
21916
21917
21914
17399
17398
17648
17391
17393
17392
17646
17397
4648
2491
2490
13551
58066
19895
19897
96789
96788
7898
7899
96785
96784
96787
7895
5159
5158
52123
52650
5150
5152
5157
60741
60034
186340
36459
36452
36450
49110
27296
12300
14858
20531
5501
12302
87319
62296
20538
43134
15009
44671
42130
42136
321331
66992
15890
6837
15898
48794
6839
48792
1861
29316
53523
8559
12908
8822
18269
8821
8826
15588
18916
18917
8828
18263
18265
39210
8772
8773
10911
15094
8775
51471
44095
7647
7645
39432
9014
49218
37149
112788
37142
9011
52507
26475
123989
17116
5631
14202
14203
35898
35899
58363
28371
14201
11175
11174
24532
7921
112866
1290
34140
13829
13828
66993
114258
13822
13825
13824
24022
60412
24843
8482
34143
8485
8487
91270
79490
