199
344
345
346
341
342
343
348
719
718
717
716
715
714
711
710
594
298
299
296
297
294
295
292
291
591
590
593
592
595
198
597
596
195
598
197
196
191
190
193
192
270
271
272
274
275
276
277
278
279
524
525
526
527
520
521
522
528
449
448
443
442
440
447
446
445
444
102
103
101
106
107
104
105
39
38
33
32
31
30
37
36
35
641
640
643
642
645
647
646
436
434
435
432
433
430
431
339
338
335
334
336
331
330
333
332
558
748
91
90
93
95
97
96
153
740
741
742
743
559
745
746
555
554
557
556
551
550
552
238
239
234
235
236
230
231
232
233
1
146
618
145
142
143
140
612
611
616
617
148
149
154
194
689
685
687
683
682
458
622
133
132
131
130
498
499
135
494
495
139
497
490
493
24
25
26
27
20
21
28
29
407
406
404
402
400
629
409
628
183
378
371
373
375
377
376
709
705
706
707
700
144
393
88
390
397
396
395
82
83
399
81
86
84
85
601
586
587
584
585
582
580
589
245
244
247
246
241
614
243
242
615
249
248
519
518
511
510
513
512
515
514
517
516
623
459
621
620
626
625
624
450
451
452
453
454
455
457
179
177
176
175
174
173
171
170
656
657
654
182
599
180
2
652
653
650
185
186
188
189
658
659
651
10
13
12
15
14
17
16
19
18
569
322
323
320
321
327
325
328
329
562
200
203
202
205
209
208
77
74
72
70
655
567
79
78
669
668
667
666
665
664
214
661
660
692
690
691
696
697
694
695
542
543
541
544
545
8
548
549
120
121
122
124
218
126
127
765
414
415
416
417
411
413
137
418
136
319
313
312
311
310
316
315
314
138
368
369
366
367
364
365
362
361
380
381
383
384
385
386
387
389
605
579
578
573
572
571
570
577
576
575
574
60
61
62
259
64
65
66
67
252
69
251
256
257
255
156
731
730
733
732
735
737
736
739
738
502
503
500
630
631
632
469
468
636
637
638
639
467
461
460
463
462
168
169
164
165
166
167
160
161
162
438
439
649
357
356
355
354
353
352
351
350
216
217
768
769
213
210
211
762
763
760
761
766
767
764
219
289
288
4
281
280
283
285
284
287
286
678
679
674
675
676
677
670
671
672
673
263
261
260
267
266
265
269
268
59
58
55
54
57
56
51
258
53
537
535
63
532
530
539
538
50
114
117
116
110
113
253
119
118
429
534
421
420
423
422
425
424
427
308
309
300
301
302
303
304
305
152
307
568
752
751
750
757
756
755
754
560
561
759
563
565
701
506
229
228
226
225
224
223
222
220
391
726
724
89
722
720
721
728
729
151
604
607
606
155
600
603
602
158
609
80
48
49
47
44
45
42
43
41
465
5
508
489
488
487
486
485
484
483
482
481
480
472
473
470
471
476
477
474
475
479
187
