3922
3923
3926
3927
3924
3925
3928
3929
2304
4026
4024
4025
4023
4020
4021
166
4029
347
3852
342
343
3997
3996
3995
163
3993
3990
2185
2898
2316
2317
2312
2311
296
297
295
292
3771
3777
2465
195
3778
270
272
274
275
276
277
3676
2543
2542
2546
2544
2548
1456
2381
642
2385
2387
2386
2389
2263
2261
2267
2442
3582
2441
2446
1452
2444
2762
2761
2764
109
102
106
104
105
903
900
2045
906
2040
1840
1847
2048
2512
2166
2161
2160
2163
2162
2617
3253
2610
2619
3295
3296
1902
1903
752
1901
3519
3451
3456
3457
852
3513
858
3515
2689
2684
2680
3390
2738
3851
3018
99
3392
91
95
94
1990
3205
1992
1994
1997
1624
348
1629
1628
1184
3208
3859
2860
2862
559
2865
2866
747
2868
554
556
551
552
3063
3065
2945
3068
2941
1198
3349
1054
1056
1057
1058
3343
1192
3346
3347
3344
1196
1696
1759
1691
1757
1756
1755
2853
1751
1176
1175
1174
1173
1172
1171
1170
612
1271
1274
1275
1179
2854
1795
1287
1281
3118
3117
3116
3115
1289
1288
1472
1470
1814
689
1474
1475
1573
1572
687
1570
1577
1575
1305
1307
1496
1302
459
872
1308
873
3590
499
494
496
491
2458
24
25
20
21
28
1370
405
404
1374
401
400
1379
1378
452
409
3836
3837
3939
3938
3935
3936
3931
3839
3933
2450
4032
4035
4034
4036
4039
379
378
3843
3845
3844
3846
371
372
374
3916
3494
396
395
399
398
4041
2301
2300
2305
4049
2307
7
2288
3664
3661
3660
3749
3746
3747
2282
3669
3743
2287
244
240
243
242
2055
2275
2277
2271
2270
2578
2579
2576
1663
2572
2571
3803
2379
2374
2377
2371
2595
2596
2597
2591
2592
2454
2456
2451
2599
2452
1876
1877
1874
1873
179
178
3469
174
1082
2051
3699
975
974
973
972
2057
2056
2059
655
187
1121
2110
189
2116
3088
2622
2623
2620
2621
650
2624
1608
3526
1918
3524
3521
1910
1912
1915
1914
3528
3280
869
868
3449
3445
860
862
864
3442
2025
2753
2022
2696
2694
2693
2029
2691
2690
882
881
887
1605
889
888
1972
2825
1748
3222
3232
3233
3237
3235
1964
1617
1614
3239
1960
1613
1962
1611
1749
775
776
771
2875
778
3354
75
74
3058
70
2973
3054
3055
3359
2977
3050
1043
1919
1041
1040
1045
3028
1680
1768
1684
1687
1688
1761
1766
1767
1765
1143
1146
1147
1144
667
666
1261
3288
663
1507
3787
690
691
696
525
3122
3283
698
699
1548
1549
542
543
546
1917
545
1464
1467
1461
1460
1463
1317
1313
1311
1310
523
1318
2841
17
1449
1011
414
861
417
1387
1380
419
3325
3824
3823
3820
3940
312
311
3946
3947
2768
1231
366
364
365
362
363
2699
381
383
3840
388
4057
4052
4050
4058
2299
3613
3614
3616
3753
2290
3755
2296
2191
259
2194
2197
2198
2199
250
256
254
2204
2205
2560
3071
1615
2369
2368
2364
308
2360
2587
2429
2585
2581
2423
2589
168
3729
1867
1866
164
3726
161
3723
3689
3688
960
3681
3685
3684
2518
2519
2517
2106
2105
2513
3489
2736
2737
2730
2732
3488
2635
2634
2636
2631
2739
2633
3460
3531
3530
3533
1845
3537
3538
3438
1241
1810
1811
1812
1813
1818
1819
3436
871
2741
2036
2742
2745
2031
2030
9
1245
2039
3097
890
4008
1247
897
898
899
1530
671
1153
1969
3544
3545
3541
1979
1978
1975
1973
3549
1971
1606
809
803
431
807
806
804
1967
2961
2849
2846
1781
760
2845
1784
2968
1787
3048
1610
909
3328
3809
2808
3042
3045
1775
1774
992
1776
1771
1078
1772
1075
1778
1070
1678
3807
1672
1673
1094
1096
678
1093
1155
675
1098
1150
672
1152
3137
3136
3130
3133
3132
3038
3138
2998
1550
1553
1552
59
1557
1556
1559
2991
3036
3037
3030
2995
3032
1418
3034
534
532
531
530
1410
1412
1414
538
1322
2993
1327
1325
2994
1329
2996
2999
5
1525
1254
1520
1253
1522
1398
421
1394
425
1258
2393
3812
309
3959
3817
3814
300
3952
3951
3819
304
305
3954
2795
850
3454
76
2979
1417
2778
1321
3341
3166
4066
4064
4065
3052
2639
2974
2772
3602
3600
3607
3608
2180
2776
229
2184
227
226
222
220
121
2214
2990
2218
2352
2351
2357
2355
153
2438
157
159
2432
2435
1898
3738
3737
3736
1896
3734
1890
1892
1893
2136
2137
2134
955
954
957
2509
2507
2503
2502
2500
2727
1102
2725
2722
2721
1859
2641
2642
2645
2850
509
1805
3428
1803
1802
1801
3421
3420
3427
3426
1808
2001
2007
2004
1851
2008
2009
3258
3555
1949
1943
1941
1946
3255
3558
818
1263
919
1858
815
816
1521
1798
2915
719
1622
1793
2919
715
2852
1797
1796
711
1794
1491
3331
1620
1494
3335
1497
1499
3339
1069
1701
1702
1703
1705
1706
1061
1709
1062
1065
1067
1998
1667
3658
1665
1907
2708
1087
590
1083
594
1081
596
1120
598
714
3143
3147
3149
2822
3384
2988
3029
3381
3026
2980
3023
3022
3021
1090
3953
1409
527
522
301
1016
1400
528
529
1405
1013
449
303
1339
1338
1233
443
85
1333
501
3644
3261
3201
33
30
37
1537
1240
1243
1242
1533
1244
1531
3095
649
648
434
435
1538
339
338
335
337
336
3801
742
333
332
3124
3165
2864
1938
1115
748
3896
3897
3894
4078
4077
4076
4071
2700
4072
2064
3965
3962
3961
3968
2949
3639
3636
3637
3634
3632
3631
2467
239
234
230
3069
232
233
2345
2347
2346
2462
2229
2226
2225
2222
2223
2220
1
1099
146
144
142
143
140
141
149
3706
3707
1881
1880
2120
2125
948
949
2129
947
2081
2086
943
940
2085
2538
2539
2533
2530
2531
2536
2713
2658
2716
2714
830
2653
2652
2718
2650
2657
2654
133
132
131
130
3412
135
134
1832
1830
3799
1837
1835
3797
3796
3790
3793
2154
2407
939
2405
2152
2153
932
931
2016
937
2159
934
1690
1951
1959
3562
3563
3560
3248
3241
3569
3244
824
827
826
821
823
822
2900
2905
1279
705
618
703
88
1480
1486
3308
3309
3306
181
3304
84
3301
1713
928
1711
794
1716
762
790
1718
798
1658
1651
2843
1655
586
1139
581
616
1137
1135
3153
3151
1633
3157
3155
2061
2836
2834
2833
2832
2830
1436
1437
1434
1435
1430
3396
924
3011
1438
1260
1009
1730
510
1005
1004
515
4068
516
1227
1226
620
1223
626
624
1340
629
455
1229
457
318
1736
2880
2884
2885
1883
2888
1500
2
3089
653
1504
651
1509
3942
3879
3874
3877
3885
10
3881
3883
16
19
55
2128
3272
3905
3903
3908
751
3112
3364
2719
4009
4002
4003
4004
3971
323
321
3974
324
1476
329
200
205
206
3624
3626
2011
2239
2238
2332
1479
2335
2337
2338
2339
3473
2235
3662
3073
3717
839
3711
712
2747
3496
1342
3492
3490
2096
2091
3659
2093
3656
53
3652
1301
2527
2521
2746
2522
674
2529
2528
2248
2953
2651
2243
2464
994
997
996
2461
993
2463
2704
2707
998
120
3400
122
3402
1345
1821
2068
2413
3415
2143
2414
2141
920
137
2790
923
2796
2797
2149
2067
1029
1922
1924
3273
3271
1929
1181
832
3476
3477
3579
3578
834
835
3575
3574
838
3576
3573
2667
3
2665
2662
922
359
2669
2664
1501
2931
3319
1267
1836
3315
3314
3317
784
786
780
781
1643
1729
1722
573
572
571
576
575
3007
3168
2802
3167
2801
2806
2804
600
1421
1589
3368
603
1582
1583
3366
1586
3361
3363
731
2157
737
158
739
1033
1037
402
1212
1645
1359
633
1216
2400
636
637
638
639
1351
1219
461
460
463
1354
989
1640
1728
2158
2897
783
2890
1455
1104
1105
1519
1100
1458
1459
686
4080
4081
322
4084
3863
3860
3867
3865
467
681
3733
3184
3186
3187
3180
3181
3182
3730
3188
3189
959
3915
3912
3911
958
3919
3397
2285
3506
4018
4017
4016
356
354
352
351
3984
3986
3987
3982
2241
2138
327
1447
2321
2320
2327
2325
484
289
288
1444
4
1656
280
283
282
285
284
287
439
3760
3761
3763
3764
3767
3768
2297
1440
3485
3484
263
261
260
3649
3648
3645
268
3642
2552
2554
2555
2557
2490
2492
2495
2494
2496
2396
2394
2395
2392
2750
2390
2391
2256
2251
2250
2477
988
2474
2473
2472
2471
2470
2770
980
981
986
2775
984
68
111
2803
118
2785
3841
2786
2781
2782
1850
3009
1854
1857
2172
2173
2079
2078
2176
2177
2174
2175
2073
2072
2071
911
913
912
2604
2605
2606
2600
2601
1933
1932
3263
1935
3268
3434
3221
846
845
844
3463
3462
840
3500
3504
849
2671
2670
2674
2679
3435
2929
2925
2924
2927
2926
2053
3214
1987
1985
1636
1637
1639
1733
2904
3218
1404
1988
1989
1039
2814
2817
759
758
2818
1595
1032
1596
1591
3075
1593
1592
2951
3176
1027
1026
1021
1186
3375
1185
1182
3372
3371
3370
724
1349
3735
723
1744
1035
1740
1741
1164
607
1167
1161
640
602
1207
608
1203
1211
469
1489
468
472
3108
3109
48
46
3100
2034
3103
1111
1446
1113
1299
1443
1117
464
1292
1290
1291
1297
1566
1295
474
1782
591
475
1562
488
1369
462
483
482
792
3385
2170
3197
473
1364
3194
476
477
3191
3190
3728
479
3198
