344
345
346
347
340
341
342
343
348
349
719
718
717
716
715
714
713
712
711
710
594
298
299
296
297
294
295
292
293
290
291
591
590
593
592
595
198
597
596
195
598
197
196
191
190
193
192
270
271
272
273
274
275
276
277
278
279
524
525
526
527
520
521
522
523
528
529
449
448
443
442
441
440
447
446
445
444
108
109
102
103
100
101
106
107
104
105
39
38
33
32
31
30
37
36
35
34
641
640
643
642
645
644
647
646
436
437
434
435
432
433
430
431
339
338
335
334
337
336
331
330
333
332
744
558
748
6
99
98
91
90
93
92
95
94
97
96
153
740
741
742
743
559
745
746
747
555
554
557
556
551
550
553
552
238
239
234
235
236
237
230
231
232
233
1
146
147
618
619
142
143
140
141
612
613
610
611
616
617
148
149
154
194
689
688
685
684
687
686
681
680
683
682
458
622
133
132
131
130
498
499
135
134
494
495
139
497
490
491
492
493
24
25
26
27
20
21
22
23
28
29
407
406
405
404
403
402
401
400
629
409
408
628
183
379
378
228
371
370
373
372
375
374
377
376
708
709
704
705
706
707
700
144
702
703
393
392
88
89
397
396
395
394
82
83
399
81
86
87
84
85
7
601
586
587
584
585
582
583
580
581
588
589
245
244
247
246
241
614
243
242
615
249
248
519
518
511
510
513
512
515
514
517
516
623
459
621
620
627
626
625
624
450
451
452
453
454
455
456
457
179
178
177
199
175
174
173
172
171
170
656
657
654
182
599
180
2
652
653
650
651
186
188
189
658
659
184
185
11
10
13
12
15
14
17
16
19
18
568
569
322
323
320
321
326
327
324
325
328
329
562
201
200
203
202
205
204
207
206
209
208
77
76
75
74
73
72
71
70
655
567
79
78
669
668
667
666
665
664
663
214
661
660
769
692
693
690
691
696
697
694
695
698
699
542
543
540
541
546
547
544
545
8
548
549
120
121
122
123
124
125
126
127
128
129
765
176
563
414
415
416
417
410
411
412
413
137
418
419
136
319
318
313
312
311
310
317
316
315
314
496
138
3
368
369
366
367
364
365
362
363
360
361
218
380
381
382
383
384
385
386
387
388
389
605
579
578
604
573
572
571
570
577
576
575
574
60
61
62
259
64
65
66
67
68
69
250
251
256
257
254
255
603
156
731
730
733
732
735
734
737
736
739
507
504
505
502
503
500
501
630
631
632
633
469
468
636
637
638
639
467
466
461
460
463
462
168
169
164
165
166
167
160
161
162
163
9
438
439
649
648
357
356
355
354
353
352
351
350
359
358
216
217
768
215
212
213
210
211
762
763
760
761
766
767
764
219
289
288
4
281
280
283
282
285
284
287
286
678
679
674
675
676
677
670
671
672
673
263
262
261
260
267
266
265
264
269
268
59
58
55
54
57
56
51
258
53
52
537
536
535
63
533
532
531
530
152
539
538
50
115
252
117
116
111
110
113
253
119
118
429
428
534
421
420
423
422
425
424
427
426
308
309
300
301
302
303
304
305
306
307
181
240
390
662
145
753
752
751
750
757
756
755
754
560
561
759
758
564
565
566
701
506
229
738
227
226
225
224
223
222
221
220
114
391
726
727
724
725
722
723
720
721
728
729
151
150
607
606
155
600
157
602
159
158
112
609
608
634
80
635
749
398
48
49
46
47
44
45
42
43
40
41
465
5
464
508
489
488
487
486
485
484
483
482
481
480
509
472
473
470
471
476
477
474
475
478
479
187
