3922
3923
3926
3927
3925
3929
2304
4024
4025
4023
4020
166
347
3852
3851
3997
3996
3995
348
3990
2316
2317
2312
296
297
295
3771
3777
195
3778
270
272
274
276
277
3676
2814
2543
2542
2546
2544
1155
2548
1456
2381
642
2387
2386
2389
2263
2261
2768
2444
2762
2764
109
106
104
903
900
2045
906
2040
1840
1847
2048
2166
2161
2162
2617
3253
2610
2619
1907
3296
1902
1903
1901
3451
850
3457
852
858
2689
2684
2463
2680
2631
99
1435
95
94
1622
3205
1620
1994
1997
1624
1998
3208
3859
2860
742
2866
747
748
554
552
3063
3065
2945
2941
1198
1054
1056
1058
3343
1192
3346
3347
3344
1196
1696
1690
2919
1757
1755
1751
1176
1174
1173
1171
1170
612
1271
616
1275
712
1795
1287
1281
3118
3116
3115
1289
3112
1472
1470
1814
689
1474
1573
1572
687
1570
1577
1575
1305
1307
1496
1302
1226
3434
1308
499
494
496
491
25
20
21
405
404
402
400
1379
409
3836
3837
3939
3938
3935
3936
3931
3839
3933
455
4035
4034
4036
378
3843
3845
3846
371
372
374
3916
396
395
399
398
4041
2300
2305
4049
2307
7
3982
3664
3661
3660
3662
3669
3743
244
240
2277
2270
2579
2576
2572
2571
2374
2377
2371
2595
2596
3590
2591
2592
2454
2599
2452
1876
1877
1873
179
3469
174
1082
2051
3699
975
974
2055
972
2057
2056
181
187
2110
189
3088
2622
2623
2620
2621
650
2624
3526
1918
3521
1910
1912
1915
3528
3280
869
868
3449
861
862
864
3442
2750
2696
2694
2693
2029
2691
882
881
887
1973
889
888
3549
2825
1606
3233
3237
1964
1617
1614
1615
1613
1610
775
776
771
2875
778
76
3058
70
655
3054
3055
3052
2977
3050
1043
1919
1045
3381
1680
1768
1684
1687
1761
1766
1767
1143
1146
1147
1144
1263
666
1261
1260
663
690
691
696
3122
698
699
3124
1549
542
543
546
545
1467
1460
1463
1317
1313
1311
1310
1318
2
1787
17
1449
1011
414
3445
417
1387
1380
419
318
3823
3820
3940
3942
3946
2441
1231
366
364
365
363
2022
381
383
3840
388
4057
4052
4050
4058
2299
3753
2290
2297
2296
2191
259
2197
2199
250
256
254
2204
2205
2560
2369
2368
2364
2360
2587
2429
2585
2581
2423
2589
168
3729
1866
164
3726
161
3723
3689
3688
960
3681
2518
2517
2106
2512
2736
2737
2639
2635
2636
2738
2739
3531
3530
3533
3537
1090
3198
3438
1241
1810
1811
1812
1813
1818
3435
871
2741
2036
2742
2745
2747
2746
9
2039
3097
897
898
439
671
1969
3544
3545
3541
1979
1975
3221
1972
1971
3222
809
2699
803
431
807
806
804
3239
2961
2849
2846
1781
760
2845
1784
2843
2841
3048
3325
909
3328
3045
1775
3971
3644
1771
1078
1772
1075
1778
3807
1672
327
1094
1096
678
1093
674
675
1098
1099
672
1152
3137
3136
3130
3133
59
3138
2999
1553
1552
3038
1556
55
2991
3036
3037
3030
2995
3032
1418
1559
534
530
1410
1412
538
1322
2993
1327
1329
2996
3295
1254
1520
1521
1522
1398
1394
425
1258
308
309
3817
3953
3952
3951
3819
304
305
3954
3454
3354
2477
1321
4066
4064
4065
2772
3602
3600
3607
3608
2180
2776
2185
2184
222
2218
2352
2351
2357
2355
153
2438
157
2432
2435
1898
3738
3737
3736
1896
3734
1890
1892
1893
2136
2137
2134
954
957
2507
2503
2500
1858
2725
2722
2721
2641
2642
2645
3428
3787
1801
3420
1808
2001
2004
2009
3258
1949
1941
3558
667
919
1798
2915
719
2850
715
2852
1797
2854
711
1794
1491
3331
1992
1494
3335
1497
1499
3339
1069
1703
1705
1061
1062
1065
1067
2096
1667
2091
1665
1087
590
1083
594
596
1120
3143
3149
2822
3384
3029
3028
3023
3022
3021
525
527
522
301
1016
1400
528
529
1013
449
1338
1233
443
1333
3261
33
30
37
1537
640
1243
1242
1245
1244
1531
1530
649
648
434
435
1538
3809
338
337
336
3801
333
332
1548
1967
2868
3896
3897
3894
4077
4076
4071
2700
4072
3965
3962
3961
3968
2949
3636
3634
3632
3631
996
239
234
230
2345
2347
2346
2229
2225
2222
2220
1
144
142
141
2031
2067
149
3706
3707
1881
2120
2125
948
949
2129
947
2081
2086
943
940
2538
2539
2536
2713
3341
2716
2653
2652
2718
2719
2654
131
130
3412
1830
3799
1837
1835
3797
2154
2407
939
2405
2153
932
931
2016
2158
934
1691
1951
1959
3562
3563
3560
3248
3034
3241
3569
827
826
822
2900
1279
705
703
88
1480
1486
3306
1489
84
85
1713
928
1711
794
1716
762
790
1718
1658
1651
1656
1655
586
1139
1274
1135
3153
3151
3157
3155
2061
2836
2834
2833
2790
2830
1436
1437
3018
3392
3397
3396
2064
1438
1730
510
1005
1004
515
516
1227
459
620
1223
626
1340
1345
1229
2880
2884
2885
2888
1500
1501
3089
1507
1504
651
311
3879
3874
3877
3885
10
3881
3883
16
2128
3272
3905
3903
3908
4009
322
321
3974
324
1476
329
205
206
830
3626
2239
2238
2332
1479
2335
2337
2338
2339
835
839
3711
3496
3494
3492
3490
2658
3658
3659
2093
3656
3652
2527
2521
1297
2528
3176
2651
2243
2465
997
2467
2461
993
992
2707
998
120
121
122
3402
1821
2068
2413
3415
2414
920
137
922
923
2796
3375
2149
2795
1029
1922
1924
3273
3271
1929
3476
3578
834
3473
3575
3574
838
3576
3573
3
2665
2669
840
2664
2931
3319
1836
3314
3317
784
786
780
781
1643
1729
573
572
571
576
3007
3168
3166
3167
2801
3009
2804
1589
3364
1583
1586
3361
3363
731
2157
509
739
1033
501
1645
1359
1211
1216
636
638
639
1351
1219
461
460
1354
989
1640
1728
2011
2897
783
1455
1104
1105
1100
1458
686
4080
4081
4084
3860
3867
3735
3733
3184
3186
3187
3180
3181
3182
723
3188
3189
959
3915
3911
958
3919
3288
2285
3506
4018
4016
356
354
352
351
3984
3986
3987
359
2241
2138
2320
2327
2325
289
288
4
1115
283
282
285
284
3489
3761
3763
3764
3767
3768
263
261
3649
268
2552
1291
2557
2490
2495
2494
2496
2396
2395
2392
2393
2390
2391
2256
2250
2778
988
2474
2473
2472
2470
2770
980
986
984
118
2785
2786
2781
2782
1850
2806
2172
2173
2079
2078
2176
2177
2174
2073
2072
2071
911
913
912
2604
2605
2600
2601
1933
1932
3263
1935
3268
1938
846
845
844
3462
3460
3500
3504
849
2671
2670
2679
2929
2925
1582
3214
1987
1633
1636
1637
1639
1988
1989
752
759
758
1595
1032
3073
3075
1593
1592
2951
1802
1027
1026
1186
1184
1185
1182
3371
724
1349
1749
1744
1035
1741
1164
607
1167
600
602
1207
608
1203
633
469
3304
3197
3108
3109
48
46
2034
3103
1447
1446
1113
1444
1443
1440
1292
3301
467
1566
1295
1782
591
484
483
482
472
473
3194
477
474
475
479
1369
