1200
4026
4027
4024
4025
4023
4020
4021
4028
4029
344
345
347
340
341
342
343
3997
3996
3995
3994
348
3992
3990
1511
2318
2319
2316
2317
2314
2315
2312
2310
2311
298
296
297
294
295
292
293
290
291
3771
3770
3777
3776
3775
3774
3778
270
272
273
274
275
276
277
279
2814
581
2268
2269
2262
2263
2260
2261
2266
2267
2264
2442
2443
2441
2446
2447
2444
2445
2448
2449
108
109
102
101
106
107
104
105
2046
2047
2045
2042
2043
2040
2041
2048
3155
3154
3519
3518
3513
3512
3510
3515
3514
2688
2689
2684
2685
2686
2680
2681
3999
3390
3998
3393
99
3392
91
90
93
95
94
1433
1623
1990
3205
1992
1627
3202
1997
1624
1999
1998
1629
1628
3208
3398
2860
2862
559
2865
2866
2867
555
2869
557
556
551
553
552
1199
1198
3348
3349
3342
3343
3340
1192
3346
3347
3344
1196
1759
1758
1757
1756
1755
1754
1753
1752
1751
1750
1177
1176
1175
1174
1173
1172
1171
1170
1179
1178
511
3440
1285
1287
1286
1281
1280
1283
1282
515
1289
1288
1579
1578
689
517
877
1573
1572
687
1570
1577
1576
1575
682
623
2818
1226
3434
3435
627
626
2036
1243
624
1371
1370
405
1372
1375
1374
401
400
1379
1378
452
409
408
3835
3836
3837
3830
2747
1242
454
2030
3838
3839
455
4030
4032
4035
4034
4037
4036
4039
4038
457
1245
379
378
647
371
372
375
374
377
376
1244
1987
393
391
396
395
399
398
3593
2309
1247
2301
2300
2302
2305
2304
2307
2306
3748
3749
3746
3747
3744
3745
3742
3743
244
247
241
240
243
242
248
2275
2277
2276
2271
2270
2273
2272
2278
2337
2459
2458
2454
2457
2456
2451
2450
2453
2452
179
178
177
175
174
173
172
3698
3699
2053
2052
2055
2054
2057
2056
2059
2058
3692
3693
3694
3695
3696
1501
3089
3088
650
3526
3527
3524
3525
3522
3523
3520
3521
3528
3529
338
1977
2699
2698
2697
2696
2695
2694
2693
2692
2691
2690
3221
3220
3223
1606
3232
3233
3230
1968
3237
3234
3235
1964
1617
1614
3239
1960
1613
1610
1611
2063
2871
2870
2877
2875
2879
3355
3354
3357
3356
3351
3350
3353
3352
3359
3358
3953
1768
1769
1361
1762
1763
1760
1761
1766
1767
1764
1765
1142
1143
1146
1147
1144
2964
1148
1149
768
2762
692
1547
690
691
696
1543
1541
698
699
1548
1549
542
543
540
541
546
547
545
1643
548
760
1784
2064
2968
1941
1787
9
414
415
417
1388
1389
412
1384
1385
1387
1380
419
1383
3827
3824
3823
3822
3820
1507
3582
3829
3828
3042
2763
369
366
364
365
362
363
361
381
383
384
385
386
388
389
1369
1077
3750
3753
3752
3755
3951
3756
2190
2191
2192
259
2194
2195
2196
2197
2198
2199
250
251
256
254
255
2200
2202
2203
2204
2205
2206
2208
2428
2429
2420
2421
2422
2423
2424
2425
901
168
169
164
165
166
167
160
161
163
3689
3688
3681
3687
3686
3685
3684
2518
2519
2515
2516
2517
2511
2512
2513
2734
2735
2736
2737
2730
2731
2732
2733
2738
2739
2797
3531
3530
3533
3532
3535
3537
3536
3539
3538
679
1814
1816
1817
1810
1811
1812
1813
1818
1819
1098
1099
1608
3228
1979
1978
1601
3224
1603
1602
1973
1972
1971
3222
809
808
803
802
800
807
806
805
804
4003
2848
2849
2846
2844
2845
2842
2843
2841
3320
3322
3323
3325
3326
3328
1775
1774
1776
1771
1773
1772
1779
1778
2806
3975
327
1159
1158
1550
1155
1154
1157
325
1151
1150
1153
1152
1555
58
2998
2999
1553
1552
59
3039
1557
1556
55
2991
3036
3037
51
2995
3032
2997
1559
2804
534
532
531
530
3735
57
539
538
1976
1558
3030
3541
1906
2996
3295
3296
1975
1905
536
1902
1903
429
428
3292
1399
1398
421
1396
1394
1393
1392
427
3812
854
3810
3816
3817
3814
855
3818
3819
3456
3457
852
853
1840
1970
2183
2181
2180
229
2184
227
226
224
223
222
220
2213
2212
2210
2217
2216
2214
2218
151
2439
2438
155
154
157
156
159
2432
2437
2436
2435
2434
1161
2509
2507
2504
2503
2502
2501
2500
2727
2725
2723
2722
2721
2720
2729
2728
1807
3783
1805
3781
1803
3787
1801
3785
3788
1808
3258
3259
1948
1949
1525
1942
1943
3252
3253
1946
3255
3256
3257
818
819
810
811
812
814
815
816
1521
2859
3207
1622
2851
2850
2853
2852
2855
2854
2857
2856
1490
1491
3331
1620
1494
3336
1496
1497
1498
3203
3339
1994
1700
1701
1702
1703
1704
3201
1706
1709
424
1391
3658
1128
2834
1120
1121
1122
1125
1126
2989
2988
3029
3028
3027
3026
2981
2980
3023
3022
3021
2984
1090
525
526
527
1018
521
522
523
1016
1017
528
1011
1012
1013
1234
1235
1236
303
1230
1231
1232
1233
1238
1239
305
3954
439
436
437
434
435
430
431
3809
3807
3806
3801
3803
3802
2864
2481
558
2868
554
3082
3065
2465
2948
2467
239
234
2460
236
237
230
231
232
233
3068
993
998
2229
2226
2227
2224
2225
2222
2223
2220
2221
1
146
147
144
142
143
140
141
999
148
149
841
120
2088
121
2083
2080
2081
2086
2084
2085
2538
2539
1190
2532
2533
2530
2531
2536
2537
2534
2535
2712
2713
3341
2716
2714
2715
1195
2718
2719
1194
1197
3408
2671
1832
1830
3799
3798
1834
1835
3797
3796
3791
3790
3793
2154
2155
2156
2405
2150
2151
2400
2153
932
931
930
2158
2159
2408
934
2829
1954
1957
1956
1951
1950
1952
1959
1958
3249
3248
3241
3240
3244
228
829
828
825
824
827
826
821
820
823
822
3097
1993
1481
1480
1487
1486
3308
3309
3306
3307
3304
1488
3302
3303
3301
1713
928
1711
794
793
1716
790
1719
1718
2413
798
612
1271
2415
1139
2141
1132
2140
1137
1135
1275
2419
614
2418
476
615
3018
3019
3013
3010
3011
3014
3015
519
926
1009
1008
1007
510
1005
1004
1003
514
1001
1000
1227
622
621
620
1223
1222
1221
1220
629
1229
1228
2880
2886
2887
2884
2885
2888
2889
253
2
3878
3879
3870
3871
3872
3873
3874
3875
3876
3877
11
10
13
12
15
14
17
16
19
18
3118
3274
1923
3272
3273
3904
3905
3907
3902
3903
1927
3908
3909
688
200
202
205
206
208
830
685
3477
684
1571
2239
2238
686
2230
2233
2232
2235
2234
2236
683
2185
3498
3496
3497
3494
3495
3492
3493
3490
2095
2094
2097
2096
2091
3659
2093
2092
3654
3656
3652
3653
2525
2527
2526
2521
2520
2523
2522
2529
2528
2709
2708
2704
2707
2706
2700
2703
1829
1825
1824
1826
1821
1823
1822
2411
929
2145
2144
2143
2414
2417
2416
920
921
922
923
924
925
2149
927
1920
3277
1922
3275
1924
1925
3270
3271
1928
1929
475
3278
832
3475
3476
831
3470
3471
834
3473
838
839
3479
3
1947
359
3319
1267
3311
3310
3313
3312
3315
3314
3317
3316
784
785
786
787
780
781
782
1729
1726
1727
1724
1725
1722
789
1720
1721
153
3004
3007
63
64
65
3003
3002
68
69
3009
3008
407
1588
1589
406
1582
1583
1580
1581
1586
1587
1584
404
508
509
1032
1033
1030
1031
502
1037
402
1212
631
633
1216
1217
1214
637
638
639
1218
1219
3335
2898
2895
2897
783
2891
2890
2893
2892
1454
1107
1456
1105
1102
1451
1100
1101
1458
1459
464
4080
4081
3869
3868
4084
4085
4087
3863
3862
3861
3860
3867
3866
3865
3864
3737
3736
681
323
3733
1891
1892
680
3917
3916
3915
3913
3912
3911
3910
3919
3918
461
2794
2285
216
214
215
213
211
1530
218
219
578
2138
4
324
3489
3488
3481
3480
3482
3485
3484
3487
3649
3648
3646
3645
3644
3643
3642
3640
2550
2552
2553
2554
2555
2556
2557
2396
2397
2394
2395
2392
2393
2390
2391
2398
3000
2778
2779
640
2770
2771
2772
2773
2774
2775
2776
3166
3167
3164
1858
1859
2801
1850
1851
1852
1853
1854
1857
2172
2173
2170
2171
2176
2177
2174
2175
915
917
916
911
913
912
2604
2605
2606
2607
2600
2601
1420
2608
2609
1933
1932
3263
1930
1937
1936
1935
3266
3269
3268
1939
1938
458
3369
3467
846
845
844
3463
3462
3461
3460
1426
849
3468
459
1193
3361
1739
1738
1731
1730
1733
1732
1735
1734
1737
1736
1039
753
3782
751
750
757
756
1806
759
758
3780
1595
3071
1597
3073
1591
3075
1593
1592
2954
3079
2957
2950
1598
2952
1802
1024
1027
1026
1021
3784
1023
1022
1115
1029
501
605
604
607
606
601
600
603
602
1205
1204
1207
608
1203
1211
935
468
3108
636
3104
3105
3107
3100
3102
3103
1447
1446
1113
1444
1443
1114
1117
1440
1119
1118
1351
1449
1448
1350
2401
460
463
488
486
485
484
483
482
481
480
3922
3923
3921
3926
3927
3924
3925
3952
3928
3929
3993
3856
3857
3854
3855
3852
3853
3971
3851
992
3858
3859
2896
199
198
3664
195
197
191
190
193
192
3672
3670
3671
3676
3677
3674
2543
2542
2541
2540
2547
2546
2545
2544
2549
2548
1104
2381
2380
2383
1457
2385
2384
2387
2386
2389
2388
1103
3581
2769
2768
3585
3586
3587
3588
3589
2761
1453
2767
2764
902
903
900
1848
906
907
904
905
1843
1842
908
909
1847
1846
1845
3250
2169
3251
2167
2166
2161
2160
2163
2162
2617
2616
2615
2614
2613
2612
2611
2610
2619
2618
4083
3298
1909
3294
1907
1904
3297
3290
3291
1900
1901
3452
3453
3451
850
851
3454
3455
3459
858
3293
1186
6
425
1184
740
741
742
744
747
748
3063
3062
3060
3067
3066
2949
3064
2947
2945
2944
2943
2942
2941
2940
1051
1052
1053
1054
1055
1056
1057
1058
1059
2917
1696
1697
1695
1693
1690
1691
1698
1699
1278
1279
618
619
1270
613
1272
1273
616
617
1276
1277
1795
2596
3333
3119
3332
3117
3116
3115
3114
3113
3112
3111
1472
1473
1470
3330
1476
1474
1475
1479
1495
1304
1305
1306
1307
1301
1302
1303
3334
1308
1309
3590
498
499
1499
494
495
496
497
490
491
492
493
24
25
26
27
20
21
22
23
28
2591
3262
3939
3938
3935
3934
3936
3931
3930
3933
3932
2592
1705
3841
3840
3843
3845
3844
3846
3848
1600
4045
4046
4047
4040
4041
4043
4048
4049
7
2288
2051
3667
3661
3660
3663
3662
2281
2282
2283
3669
3668
2286
2287
1605
2578
2579
2576
2577
2574
2575
2572
2573
2571
2378
2379
3691
2374
2375
2377
2370
2371
2372
2594
2595
3591
2597
3596
3595
590
3599
3598
2598
2599
1876
1877
1874
1872
1873
1879
975
974
973
972
971
2119
596
979
978
2118
183
180
181
186
187
184
2110
2111
188
189
2114
2115
2116
2117
2622
2623
2620
2621
2626
2627
2624
2625
2629
1919
1918
3289
3288
1911
1910
1913
3284
1915
1914
3281
1916
869
1728
652
3449
3448
861
3444
863
3446
3441
864
3443
3442
2024
2025
2026
2755
2752
2753
2022
2028
2029
2758
2759
883
882
881
880
887
886
885
884
889
888
2825
353
775
774
777
776
771
773
772
779
778
77
76
75
2979
73
3058
70
3056
2973
3054
3055
3052
3053
3050
2975
1043
1041
1040
1045
1044
1048
1681
1680
1682
1685
1684
1687
1686
1689
1688
1269
3024
669
667
666
1261
664
663
662
1265
660
3287
2985
3286
3020
67
3128
1912
3122
3283
3126
3127
3124
3125
1723
1469
1917
1465
1464
1467
3280
1461
1460
1463
1019
1317
1316
1315
1314
1313
1312
1311
868
3276
1318
1010
529
3445
3123
860
862
3940
312
311
3943
316
3946
3947
867
866
3402
2757
2027
2020
2021
2750
420
1330
1333
1332
4057
4056
4054
4052
4051
4050
4058
630
2983
2461
3610
3611
2299
3613
3614
3615
3616
3617
3619
2290
2297
2296
2294
2982
2561
2560
2562
2565
1615
2567
2369
2368
2367
2366
2365
2364
2362
2360
2587
2585
2584
2583
2582
2581
865
2589
1861
1860
1863
3728
3729
1867
1866
1869
3725
3726
3727
3720
3721
3722
3723
964
965
966
967
960
961
962
963
968
969
2109
2108
2102
2101
286
2107
2106
2105
2104
30
2639
2638
2635
2634
2637
2636
2631
2630
2633
3438
1241
1240
3430
3431
874
875
872
873
3436
871
2741
2740
2743
2742
2745
2032
2031
2746
2749
2748
2039
2038
890
891
892
893
894
895
897
898
899
3095
649
1969
3544
3545
3546
3547
1618
3543
1619
3549
1616
422
1965
1966
3069
2965
1789
2967
1967
2961
2963
1780
1612
1782
761
766
1785
1786
765
3048
1962
3041
3040
1963
3045
3044
3047
3046
1078
1079
1076
1535
1075
1072
1073
1070
1678
1679
1674
1676
1671
1672
1673
1094
1096
678
1091
1093
674
675
676
677
670
671
672
673
3135
3134
3137
3136
3130
3133
3132
3138
3396
1533
1418
1419
1410
1411
1412
1413
1414
1415
1416
1417
1322
1323
1321
1326
1327
1325
1329
1621
2494
5
1531
1524
1257
1254
1527
1520
1253
1522
1251
1529
1258
1259
308
309
3959
3958
300
301
302
3950
304
3956
3955
307
2858
1626
2978
74
1468
2399
1625
3059
988
3815
2972
989
2970
4062
4063
4066
472
4064
4065
4068
2977
2974
3602
3601
3600
3607
3606
3604
3609
3608
3413
2990
2358
2359
2352
2353
2350
2351
2356
2357
2354
2355
1898
1899
3739
3738
1894
1895
1896
3734
1890
3732
3731
3730
2136
2137
2134
2132
2133
2130
2131
950
953
952
955
954
957
956
477
2648
2649
2993
2784
2640
2641
2642
2645
2647
1441
2994
3428
3421
3420
3427
3426
3425
3424
2002
2003
2000
2001
2006
2007
2004
2005
2008
2009
506
2034
1544
1268
507
3556
3555
3554
3553
3550
3559
3558
1263
919
504
665
918
2911
2912
2913
2915
719
718
717
2919
715
714
1797
712
711
1794
716
505
1264
2178
1069
1068
2179
1061
1060
1063
1062
1065
1064
1067
1066
1669
1668
1667
1666
1665
1664
1663
1660
1087
1086
593
592
1083
594
1081
1080
599
598
1088
3142
3143
3144
3145
3146
3147
2824
3149
2826
2827
2822
2823
3386
3387
3384
3385
3382
3383
3381
3388
1409
1532
1402
1401
1400
1407
1406
1405
1404
449
1339
1338
693
443
1334
447
446
445
444
1545
1542
3261
38
33
695
37
36
35
34
1537
1536
3090
1534
3096
644
3094
646
1249
648
3098
1538
1493
339
3267
335
337
336
331
333
332
2061
1633
2953
3899
3890
3891
3896
3897
3894
3895
847
3466
3465
3464
8
843
3631
1353
1466
4079
4078
4074
4077
4076
4071
4070
4073
4072
3966
3967
3965
3962
3963
3960
3961
1462
3968
3969
3639
3636
3637
3634
3632
3633
3630
840
1637
3469
3415
848
2345
2344
2347
2346
2341
2343
2342
1310
2349
2348
1455
2067
3708
1888
3703
1885
1884
3706
3707
3704
1880
2120
2123
3194
2125
2124
2127
949
2129
947
944
943
940
3038
2658
642
2653
1450
2651
2650
2657
2656
2655
2654
133
3417
131
130
3412
136
135
134
139
138
3418
1354
2019
2018
2015
2014
2017
2016
2011
2013
2012
1452
158
3562
3563
3560
3566
3567
3564
3565
3034
3569
2902
2901
2900
2907
2906
2905
2904
704
705
706
2908
703
88
89
83
80
86
87
84
85
1256
762
1934
1658
2487
1652
1653
1650
1651
1656
1654
1655
586
587
585
763
583
580
1631
3216
3153
3151
1985
3157
3156
2839
2838
2837
2836
3159
3158
2833
2832
2831
2830
1436
1437
1434
1435
3395
3394
1430
1431
3399
418
1981
1438
1381
1260
1348
1349
450
451
1342
1343
1344
1345
456
1347
318
1082
2157
3701
79
3368
1883
1266
1882
1502
657
1500
655
1506
653
1504
651
3085
1508
1509
3942
658
516
1886
310
833
3945
315
314
3885
3884
3887
3886
3881
3880
3883
2126
3888
946
2128
752
4008
4009
1376
4000
4001
4002
754
4004
4005
322
3970
320
321
326
3974
3977
3976
3978
329
3629
3628
56
948
3622
3625
3624
1340
3626
1881
2330
2331
2332
2333
2334
2335
2336
1594
2338
2339
1341
1596
2958
835
3715
3714
3717
3716
3711
3710
3713
3712
3719
3718
2711
2955
53
2488
2486
1599
2484
2485
2482
2951
2248
2249
2652
2245
2246
2247
2241
2243
2464
994
997
996
991
990
2462
2463
2468
2469
3401
3400
122
123
3409
129
1020
3416
520
1188
132
1921
1189
3414
2068
2069
2798
2799
3376
2792
137
2790
2791
2796
2065
2066
2795
1185
3371
1181
3579
3578
3575
3574
3576
3571
3570
3573
3572
2666
2667
2664
2665
2662
722
2669
2938
2939
2936
2934
2935
2932
2933
2931
1836
1837
1645
1644
1647
1646
1641
1640
3264
1642
1649
1743
1838
579
1839
573
572
571
570
577
576
575
574
3195
2808
3168
3169
2802
2803
2800
3165
3162
3163
3160
2805
1421
2406
1425
1424
1427
2407
3364
3365
3366
3367
3360
939
3362
3363
731
730
938
737
736
739
738
2403
1359
1358
469
2152
465
1352
467
466
1357
1356
1355
462
1749
937
1519
1518
1514
1517
1516
1274
1510
1513
1512
959
958
1798
3129
3184
3185
3186
3187
3180
3181
3182
3183
3188
3189
3214
3397
582
3109
4018
2112
48
4012
4017
4016
4015
4014
356
354
3988
352
351
350
3984
3986
3987
3981
3982
358
3612
43
2298
2323
1111
2321
2320
2327
2326
2325
1110
1445
289
288
1112
1793
280
283
282
285
284
287
1442
3760
3761
3762
3763
3764
3765
3767
3768
263
262
261
260
267
264
269
268
1562
2499
1893
2491
2490
2492
2495
258
2496
2193
1804
2258
2256
2255
2253
2252
2251
2250
2477
2475
2474
2473
2472
2471
2470
980
981
986
987
984
2478
115
252
1790
116
111
112
119
118
2785
3227
2787
2786
2781
2780
2783
2782
2789
2788
2079
2078
2073
2072
2071
2077
2076
2074
1796
1035
3509
3500
3501
3502
3503
3504
3505
3506
3507
641
2670
2060
2675
2674
2677
2679
2678
1209
2929
2928
2921
2920
2923
2922
2925
2924
2927
2926
1252
1630
3215
1632
3217
1636
3213
1639
3218
3219
1988
1989
1781
568
569
2817
2816
2810
2812
561
562
563
2819
565
566
3171
3170
3173
3172
3175
3174
3176
3379
3378
3377
1187
3375
3374
1182
3372
1180
3370
726
724
725
1748
723
720
1744
1745
1746
1740
1741
728
729
1164
1165
1166
1167
1160
1485
1162
1163
1484
1168
1169
1489
1366
3305
1864
473
46
47
44
42
470
41
1568
1298
1299
1788
1292
1561
1290
1291
1296
1297
1566
1295
474
796
591
2033
795
1717
792
732
1714
3197
1367
1364
471
3193
1363
3191
3190
478
479
2916
1368
3198
