643
344
345
346
347
340
341
342
343
348
349
1653
2318
2319
2316
2317
2314
2315
2312
2313
2310
2311
298
299
296
297
294
295
292
293
290
291
270
271
272
273
274
275
276
277
278
279
738
2268
2269
2262
2263
2260
2261
2266
2267
2264
2265
2442
2443
2440
2441
2446
2447
2444
2445
2448
2449
108
109
102
103
100
101
106
107
104
105
2046
2047
2044
2045
2042
2043
2040
2041
2048
2049
2688
2689
2684
2685
2686
2687
2680
2681
2682
2683
645
99
98
91
90
93
92
95
94
97
96
1991
1990
1621
1620
1627
1994
1997
1996
1999
1998
1629
1628
1293
2860
2861
2862
2863
559
558
2866
2867
2868
554
557
556
551
550
553
552
1199
1198
1365
1191
1190
1193
1192
1195
1194
1197
1196
1759
1758
1757
1756
1755
1754
1753
1752
1751
1750
1177
1176
1175
1174
1173
1172
1171
1170
1179
1178
511
1006
513
644
1285
1284
1287
1004
1281
1280
1283
1282
1003
1289
1288
514
1579
1578
689
688
1573
684
1571
1570
1577
680
1575
682
623
1226
1225
1224
1223
626
2741
1221
2740
624
2743
1371
1370
405
1372
1375
1374
1377
400
1379
1378
452
409
408
453
2747
1344
2030
1345
2749
1346
457
265
379
378
371
370
373
372
375
374
377
376
393
392
391
390
397
396
395
394
399
398
2309
2308
2301
2300
2303
2302
2305
2304
2307
2306
245
244
247
246
241
240
243
242
249
248
2275
2274
2277
2276
2271
2270
2273
2272
2404
2279
2278
2337
2459
2458
2455
2454
2457
2456
2451
2450
2453
2452
179
178
177
176
175
174
173
172
171
170
2051
2050
2053
2052
2055
2054
2057
2056
2059
2058
1500
655
1506
1507
1367
650
1505
1509
225
1601
2699
2698
2697
2696
2695
2694
2693
2692
2691
2690
1974
1973
1604
1607
1606
1968
1969
1618
1619
1616
1965
1614
1615
1960
1961
1962
1963
2873
2872
2871
2870
2877
2876
2875
2874
2879
2878
1768
1769
1361
1762
1763
1760
1761
1766
1767
1764
1765
1142
2965
1140
1141
1146
1147
1144
1145
1148
1149
768
2966
692
693
690
691
1542
1543
1540
695
698
699
1548
1549
542
762
540
541
546
547
544
545
548
549
760
1783
2969
1982
1785
1786
1787
414
415
416
417
1388
411
412
413
1384
1385
1386
1387
1380
419
1382
1383
1292
3042
368
369
366
367
364
365
362
363
360
361
380
381
382
383
384
385
386
387
388
389
1253
2190
2191
2192
259
2194
2195
2196
2197
2198
253
250
251
256
257
254
255
2200
2201
2202
2203
2204
2205
2206
2207
2208
2209
2428
2429
2420
2421
2422
2423
2424
2425
2426
2427
1848
168
169
164
165
166
167
160
161
162
163
2796
2518
2519
1980
2514
2515
2516
2517
2510
2511
2512
2513
2734
2735
2736
2737
2730
2731
2732
2733
2738
2739
2797
678
1091
1814
1815
1816
1817
1810
1811
1812
1813
1818
1819
646
670
1099
1609
1608
1979
1978
1977
1976
1975
1602
1605
1972
1971
1970
809
808
803
802
801
800
807
806
805
804
2848
2849
2846
2847
2844
2845
2842
2843
2840
2841
909
1775
1774
1777
1776
1771
1770
1773
1772
1779
1778
2998
1159
1158
2999
1155
1154
1157
1156
1151
1150
1153
1152
1555
58
1551
1550
1553
1552
3038
1554
1557
1556
1559
1558
57
3037
51
2995
2996
2997
537
2990
535
534
533
532
531
2991
2992
539
538
56
3030
50
53
52
536
429
428
1399
1398
1397
1396
423
422
1393
1392
1391
426
530
1680
258
2183
2182
2181
2180
2187
2186
229
2184
227
226
2189
2188
223
222
221
220
2213
2212
2211
2210
2217
2216
2215
2214
2219
2218
151
150
2439
2438
155
154
157
156
159
2432
2431
2430
2437
2436
2435
2434
2509
2508
2507
2506
2505
2504
2503
2502
2501
2500
2727
2726
2725
2724
2723
2722
2721
2720
2729
2728
1807
1806
1805
1804
1803
1802
1801
1800
1809
1808
1524
1948
1949
1257
1942
1943
1940
1941
1946
1947
1944
1945
818
819
1255
810
811
812
813
814
815
816
817
2859
1623
1522
1622
2851
2850
2853
2852
2855
2854
2857
2856
1490
1491
1492
1493
1494
1495
1496
1497
1498
1499
1395
1626
1700
1701
1702
1394
1704
1625
1706
1707
1708
1709
1624
424
427
1390
1128
1129
1120
1121
1122
1123
1124
1125
1126
1127
2989
2988
3029
3028
2983
2982
2981
3024
3023
3022
3021
2984
524
525
526
527
1018
1019
522
523
1014
1015
1016
1017
528
529
1012
1013
1234
1235
1236
1237
1230
1231
1232
1233
1238
1239
438
439
436
437
434
435
432
433
430
431
1630
2864
2481
2865
1967
555
2869
2464
2949
2465
2948
2466
996
238
239
234
235
236
237
230
231
232
233
3068
2462
2228
2229
2226
2227
2224
2225
2222
2223
2220
2221
1
146
147
144
145
142
143
140
141
2468
148
149
2088
2089
2082
2083
2080
2081
2086
2087
2084
2085
2538
2539
2532
2533
2530
2531
2536
2537
2534
2535
2712
2713
2710
2711
2716
2717
2714
2715
2718
2719
1832
1833
1830
1831
1836
1837
1834
1835
1838
1839
2154
2155
2156
2405
2402
2403
2400
2153
933
932
931
930
2158
936
2408
934
1955
1954
1957
1956
1951
1950
1953
1952
1959
1958
569
829
828
825
824
827
826
821
820
823
822
1536
1993
1483
1482
1481
1480
1487
1486
1485
1484
1489
1488
1713
1712
795
794
1717
792
791
1714
1719
1718
2413
799
798
612
2412
1271
2415
610
2142
1139
1138
2417
3051
1133
1132
1131
1130
1137
1136
1135
1134
2419
1276
2418
476
615
2790
3018
3019
3012
3013
3010
3011
3016
3017
3014
3015
519
518
926
1009
1008
1007
510
1005
512
515
1002
1001
1000
1227
622
621
620
627
1222
625
1220
629
628
1229
1228
1535
2882
2883
2880
2881
2886
2887
2884
2885
2888
2889
2
1286
11
10
13
12
15
14
17
16
19
18
928
929
2742
1534
201
200
203
202
205
204
207
206
209
208
685
1572
687
2239
2238
686
2231
2230
2233
2232
2235
2234
2237
2236
683
1574
2185
228
2095
2094
2097
2096
2091
2090
2093
2092
2099
2098
2525
2524
2527
2526
2521
2520
2523
2522
2529
2528
2709
2708
2705
2704
2707
2706
2701
2700
2703
2702
1829
1828
1825
1824
1827
1826
1821
1820
1823
1822
2147
2146
2145
2144
2143
2414
2141
2140
920
921
922
923
924
925
2149
2148
2411
1920
1921
1922
1923
1924
1925
1926
1927
1928
1929
832
833
830
831
836
837
834
2410
838
839
3
1987
1532
784
785
786
787
780
781
782
783
1726
1727
1724
1725
1722
789
1720
1721
252
468
153
3005
61
62
152
64
3000
66
3002
68
69
3009
3008
407
1588
1589
406
1582
1583
1580
1581
1586
1373
1584
1585
2433
1038
1039
508
509
1032
403
1030
505
1036
503
500
501
1212
631
1210
1211
634
1217
636
1215
638
639
1218
1219
1983
2416
465
2899
1728
2895
2894
2897
1729
2891
2890
2893
2892
1106
1107
1456
1457
1450
1451
1100
1453
1458
1459
1108
1109
788
1723
1357
681
1576
959
2137
216
217
214
215
212
213
210
211
218
219
2138
956
462
4
938
2550
2551
2552
2553
2554
2555
2556
3004
2558
2559
3007
2396
2397
2394
3006
2392
2393
2390
2391
3001
2398
65
2778
2779
3003
2649
2770
2771
2772
67
2774
2775
2776
2777
1858
1859
1850
1851
1852
1853
1854
1855
1856
1857
2172
2173
2170
2171
919
2177
2174
2175
915
914
2178
916
911
910
913
912
2604
2605
2606
2607
2600
2601
2602
2603
2608
2609
1933
1932
1931
1930
1937
1936
1935
1934
1939
1938
458
847
846
845
844
843
842
841
840
1426
849
848
2406
459
663
1587
1739
1738
1731
1730
1733
1732
1735
1734
1737
1736
732
753
752
751
750
757
756
755
754
759
758
1595
506
1597
1596
2958
1590
1593
1033
2954
2955
2956
2957
1599
504
2952
2953
1025
1024
1027
1026
1021
1020
1023
1022
502
1029
1028
1037
1034
1035
224
604
607
606
1209
600
603
1213
1205
1204
1207
1206
609
608
1203
1202
633
1216
935
635
1214
79
637
1447
1110
1113
1112
1115
1114
1117
1440
1119
1118
1351
1449
1448
1350
2401
1356
463
489
488
487
486
485
1354
483
482
481
480
1564
1565
992
2898
2896
199
198
2066
195
194
197
196
191
190
193
192
2543
1454
2541
2540
2547
2546
2545
2544
2549
2548
1104
2381
2380
2383
2382
2385
2384
2387
2386
2389
2388
1103
2769
2768
1452
2763
2762
2761
2760
2767
2766
2765
2764
902
903
900
901
906
907
904
905
1843
1842
1841
1840
1847
1846
1845
1844
2169
2168
2165
2164
2167
2166
2161
2160
2163
2162
2617
2616
2615
2614
2613
2612
2611
2610
2619
2618
1908
1909
1906
1907
1904
1905
1902
1903
1900
1901
854
855
856
857
850
851
852
853
858
859
6
425
616
740
741
742
743
744
745
746
747
748
749
1799
3063
3062
3061
3060
3067
3066
3065
3064
2947
2946
2945
2944
2943
2942
2941
2940
1050
1051
1052
1053
1054
1055
1056
1057
1058
1059
2917
1696
1697
1694
1695
1692
1693
1690
1691
715
1698
1699
1278
1279
618
619
1270
613
1272
611
1274
1275
614
1277
711
1794
2469
1472
1473
1470
1471
1476
1477
1474
1475
1478
1479
1304
1305
1306
1307
1300
1301
1302
1303
1308
1309
498
499
494
495
496
497
490
491
492
493
24
25
26
27
20
21
22
23
927
28
29
1703
1516
1705
1600
1603
7
2288
2289
2280
2281
2282
2283
2284
2285
2286
2287
2578
2579
2576
2577
2574
2575
2572
2573
2570
2571
2395
2378
2379
2374
2375
2376
2377
2370
2371
2372
2373
2594
2595
2596
2597
2590
2591
2592
2593
2598
2599
1876
1877
1874
1875
1872
1873
1870
1871
595
1878
1879
977
976
975
974
973
972
971
970
596
979
978
182
183
180
181
186
187
184
185
2110
2111
188
2113
2114
2115
2116
2117
2622
2623
2620
2621
2626
2627
2624
2625
2628
2629
60
1919
1918
1911
1910
1913
1912
1915
1914
1917
1916
869
868
189
861
860
863
862
865
864
867
866
2024
2757
2026
2755
2752
2021
2750
2751
2028
2029
2758
2759
883
882
881
880
887
886
885
884
889
888
657
63
775
774
777
776
771
770
773
772
779
778
77
76
75
2979
73
72
3058
3059
3056
2973
2970
3055
3052
2977
2974
78
1043
1042
1041
1040
1047
1046
1045
1044
1049
1048
1681
3027
1683
1682
1685
1684
1687
1686
1689
1688
3025
1269
1268
669
668
1263
2987
665
664
1267
662
661
660
2985
3020
640
421
1469
1468
1465
8
1467
1466
1461
1460
1463
521
1317
1316
1315
1314
1313
1312
1311
1310
1319
1318
2060
2460
1010
464
1011
319
318
313
312
311
310
317
316
315
314
2756
2025
2754
443
2027
1334
2020
1337
2753
1336
2022
420
447
2023
1330
2320
445
444
2324
630
2461
2299
2298
2293
2292
2291
2290
2297
2296
2295
2294
404
2569
2568
2561
2560
2563
2562
632
2564
2567
2566
908
2369
2368
2367
2366
2365
2364
2363
2362
2361
2360
2587
2586
2585
2584
2583
2582
2581
2580
402
2589
2588
1861
1860
1863
1862
1865
1864
1867
1866
1869
1868
964
965
966
967
960
961
962
963
1613
401
968
969
2109
2108
2103
2102
2101
2100
2107
2106
2105
2104
2639
2638
2635
2634
2637
2636
2631
2630
2633
2632
2986
641
878
879
876
877
874
875
872
873
870
871
2037
2036
2035
2034
2745
2744
2031
2746
9
2748
2039
2038
890
891
892
893
894
895
896
897
898
899
1530
649
1247
1248
1537
1964
1617
1966
1788
2964
2967
769
2961
2960
2963
2962
1780
1612
1782
761
1784
2968
764
765
3049
3048
1610
3041
3040
3043
1611
3045
3044
3047
3046
1078
1079
1076
1077
1074
1075
1072
1073
1070
1071
1678
1679
1674
1675
1676
1677
1670
1671
1672
1673
1094
1095
1096
1097
1090
679
1092
1093
674
675
676
677
1098
671
672
673
1533
2557
1418
1419
1410
1411
1412
1413
1414
1415
1416
1417
1322
1323
1320
1321
1326
1327
1324
1325
1328
1329
656
5
1531
1256
1525
1254
1527
1520
1521
1250
1251
1528
1529
1258
1259
308
309
300
301
302
303
304
305
306
307
2858
2978
74
2399
71
70
2475
2972
2474
3057
3054
2971
2976
1105
3053
3050
2975
2773
2479
985
470
2358
2359
2352
2353
2350
2351
2356
2357
2354
2355
112
1898
1899
1894
1895
1896
1897
1890
1891
1892
1893
2136
958
2134
2135
2132
2133
2130
2131
951
950
953
952
955
954
957
2139
1442
477
2648
1102
2993
2640
2641
2642
2643
2644
2645
2646
2647
2994
2002
2003
2000
2001
2006
2007
2004
2005
2008
2009
1143
1544
3026
507
667
666
717
2176
1261
918
2910
2911
2912
1260
2914
2915
719
718
2918
2919
1791
1790
713
712
1795
710
1265
716
1264
917
1069
1068
2179
1061
1060
1063
1062
1065
1064
1067
1066
1669
1668
1667
1666
1665
1664
1663
1662
1661
1660
1087
1086
593
592
1083
594
597
1080
599
598
1089
1088
714
2828
2829
1526
2824
2825
2826
2827
2820
2821
2822
2823
1409
1408
1403
1402
1401
1400
1407
1406
1405
1404
1546
449
448
1339
1338
1547
1335
442
441
440
1331
446
1333
1332
1545
696
697
39
38
694
33
32
31
30
37
36
35
34
1241
1240
1243
1242
1245
1244
647
1246
1249
648
1539
1538
339
338
335
334
337
336
331
330
333
332
543
1523
2980
2118
2063
1085
1464
2119
2542
1462
1101
2345
2344
2347
2346
2341
2340
2343
2342
2349
2348
1455
2067
1889
1888
1887
1886
1885
1884
1883
1882
1881
1880
2121
2120
2123
2122
2125
2124
2127
2126
946
2128
944
1084
942
943
940
941
2659
2658
642
2653
2652
2651
2650
2657
2656
2655
3039
133
132
131
130
137
136
135
134
139
138
2019
2018
2920
2015
2014
2017
2016
2011
2010
2013
2012
158
3034
2112
2903
2902
2901
2900
2907
2906
2905
3035
704
705
706
2908
700
701
702
703
88
89
82
83
80
81
86
87
84
85
3036
1658
1659
1262
2487
601
1652
410
1650
1651
1656
1657
1654
1655
586
587
584
585
763
583
580
581
1632
588
589
1633
2839
2838
2837
2836
2835
2834
2833
2832
2831
2830
1436
1437
1434
1435
1432
1433
1430
1431
418
1637
1438
1439
59
1541
1348
1349
450
451
1342
1343
454
455
456
1347
1082
3032
766
517
1266
1502
1503
654
1501
652
653
1504
651
1508
3033
767
658
516
1992
948
1598
55
949
2129
947
2815
945
54
2816
1376
1081
322
323
320
321
326
327
324
325
328
329
2819
1340
2818
2330
2331
2332
2333
2334
2335
2336
1594
2338
2339
1341
1995
1591
835
2959
1592
2488
2489
2486
2950
2484
2485
2482
2483
2480
2951
2248
2249
2244
2245
2246
2247
2240
2241
2242
2243
995
994
997
2467
991
990
993
2463
999
998
120
121
122
123
124
125
126
127
128
129
2654
520
1295
2068
2069
2798
2799
2792
2061
2062
2791
2064
2065
2794
2795
1849
2666
2667
2664
2665
2662
2663
2660
2661
1748
2668
2669
2938
2939
2936
2937
2934
2935
2932
2933
2930
2931
1645
1644
1647
1646
1641
1640
1643
1642
1649
1648
1742
1743
1252
605
579
578
573
572
571
570
577
576
575
574
2808
2809
2802
2803
2800
2801
2806
2807
2804
2805
1421
1420
1423
1422
1425
1424
1427
2407
1429
1428
602
939
731
730
733
2157
735
734
737
736
739
2150
2151
1359
1358
469
2152
1353
1352
467
466
461
460
1355
1200
1273
937
2159
1519
1518
1515
1514
1517
2409
1511
1510
1513
1512
3031
281
1798
280
723
582
617
357
356
355
354
353
352
351
350
359
358
2323
1111
2321
2793
2327
2326
2325
1446
2329
2328
1445
484
289
288
1444
1793
1443
283
282
285
284
287
286
1441
1116
263
262
261
260
267
266
1792
264
1031
269
268
1562
2499
2498
1291
2491
2490
2493
2492
2495
2494
2497
2496
2193
1566
2259
2258
2257
2256
2255
2254
2253
2252
2251
2250
2477
2476
988
989
2473
2472
2471
2470
982
983
980
981
986
987
984
2478
115
114
117
116
111
110
113
2199
119
118
2785
2784
2787
2786
2781
2780
2783
2782
2789
2788
1797
2079
2078
2073
2072
2071
2070
2077
2076
2075
2074
1796
1389
2671
2670
2673
2672
2675
2674
2677
2676
2679
2678
2929
2928
2921
2565
2923
2922
2925
2924
2927
2926
1208
708
709
1986
1631
1984
1985
1634
1635
1636
1981
1638
1639
2904
1988
1989
1781
2909
568
2814
2817
707
2811
2810
2813
2812
560
561
562
563
564
565
566
567
659
1188
1189
1186
1187
1184
1185
1182
1183
1180
1181
726
727
724
725
722
1749
720
721
1744
1745
1746
1747
1740
1741
728
729
1164
1165
1166
1167
1160
1161
1162
1163
1168
1169
1366
2913
48
49
46
47
44
45
42
43
40
41
1568
1569
1298
1299
1560
1561
1290
1563
1296
1297
1294
1567
797
1360
796
591
2033
1711
1381
1710
1789
2322
793
1716
1715
590
2032
1201
790
472
473
1364
471
1362
1363
474
475
478
479
2916
1368
1369
