4026
4024
4025
4023
4020
4021
4028
4029
344
347
340
341
342
343
3997
3996
3995
3994
348
3992
3990
2318
2316
2317
2315
2312
2310
2311
298
296
297
294
295
292
291
3771
3770
3777
3776
3774
3778
270
272
273
274
275
276
277
279
2814
2268
2269
2263
2260
2261
2266
2267
2264
2442
2441
2446
2447
2444
2445
2448
108
109
102
106
107
104
105
2046
2047
2045
2040
2041
2048
3155
3519
3518
3513
3515
3514
2688
2689
2684
2685
2686
2680
2681
3999
3390
3998
3393
99
3392
91
93
95
94
1433
1623
1990
3205
1992
1627
3202
1997
1624
1999
1998
1629
1628
3208
3398
2860
2862
559
2865
2866
2867
2868
554
557
556
551
553
552
1199
1198
3348
3349
3342
3343
3340
1192
3346
3347
3344
1196
1759
1758
1757
1756
1755
1754
1753
1752
1751
1750
1177
1176
1175
1174
1173
1172
1171
1170
1179
1178
511
3440
1285
1287
1286
1281
1280
1283
1282
515
1289
1288
1579
1578
689
517
1573
1572
687
1570
1577
1576
1575
682
623
2818
459
3434
3435
627
2036
1243
624
1371
1370
405
1372
1375
1374
401
400
1379
1378
452
409
408
3835
3836
3837
3830
2747
454
2030
3838
3839
455
9
4032
4035
4034
4037
4036
4039
4038
457
1245
379
378
371
372
375
374
377
1244
1987
393
391
396
395
399
398
895
2309
1247
2301
2300
2302
2305
2304
2307
2306
3748
3749
3746
3747
3744
3743
244
247
241
240
243
242
248
2275
2277
2276
2271
2270
2273
2272
2278
2337
2459
2458
2454
2456
2451
2450
2453
2452
179
178
177
175
174
173
172
2051
3699
2053
2052
2055
2054
2057
2056
2059
2058
3692
3693
3694
3695
1501
3089
3088
650
3526
3527
3524
3525
3522
3523
3520
3521
3528
3529
338
1977
2699
2698
2697
2696
2695
2694
2693
2692
2691
2690
3221
3220
1606
3232
3233
1968
3237
3234
3235
1964
1617
1614
3239
1960
1613
1610
1611
2063
2871
2870
2875
2879
3354
3356
3351
3350
3353
3352
3359
3358
3953
1768
1769
1361
1762
1763
1760
1761
1766
1767
1764
1765
1142
1143
1146
1147
1144
2964
1148
2762
692
1547
690
691
696
1543
1541
698
699
1548
1549
542
543
546
545
548
760
1784
2968
1941
414
415
417
1388
1389
412
1384
1385
1387
1380
419
3827
3824
3823
3822
3820
1507
3582
3829
3828
3042
369
366
364
365
362
363
381
383
384
385
386
388
389
1369
1077
3750
3753
3755
3951
2190
2191
2192
259
2194
2195
2196
2197
2198
2199
250
256
254
255
2200
2202
2204
2205
2206
2429
2420
2421
2422
2423
2424
2425
168
169
164
166
161
163
3689
3688
3681
3685
3684
2518
2519
2515
2517
2511
2512
2513
2734
2735
2736
2737
2730
2732
2733
2738
2739
2797
3531
3530
3533
3532
3537
3536
3538
679
1814
1816
1817
1810
1811
1812
1813
1818
1819
1098
1099
1608
3228
1979
1978
1601
3224
1603
1602
1973
1972
1971
3222
809
808
803
802
800
807
806
805
804
2849
2846
2844
2845
2842
2843
2841
3320
3323
3325
3326
3328
1775
1774
1776
1771
1773
1772
1779
1778
2806
327
1158
1550
1155
1154
1151
1150
1153
1152
1555
58
2998
2999
1553
1552
59
3039
1557
1556
55
2991
3036
3037
3030
2995
3032
2997
1559
534
532
531
530
57
538
2993
1558
2994
3541
1906
2996
3295
3296
1975
1905
536
1903
429
428
3292
1399
1398
421
1396
1394
1393
1392
1391
3812
3817
3814
855
3819
3456
852
853
1443
1840
1970
2183
2180
229
2184
227
226
224
223
222
220
2213
2212
2217
2214
2218
153
2438
154
157
156
159
2432
2437
2436
2435
2434
2509
2507
2504
2503
2502
2501
2500
2727
2725
2722
2721
2720
2729
2728
3782
3783
3780
3781
1803
1802
3784
3785
3788
1808
3258
3259
1948
1949
1942
1943
3252
3253
1946
3255
3257
818
810
811
812
814
815
816
1521
2859
3207
1622
2850
2853
2852
2855
2854
2857
2856
1490
1491
3331
1620
1494
3336
1496
1497
1498
3203
3339
1994
1701
1702
1703
1704
3201
1706
1709
424
3658
2834
1120
1121
1125
1126
2989
2988
3029
3028
3027
3026
2981
2980
3023
3022
3021
2984
1090
525
526
527
520
521
522
523
1016
1017
528
1011
1013
1235
1236
303
1230
1231
1233
1238
1239
305
3954
439
437
434
435
430
431
3809
3807
3806
3801
3803
3802
2864
558
3082
3065
2465
2948
2467
239
234
2460
236
237
230
2945
232
233
3068
993
998
2229
2226
2227
2224
2225
2222
2223
2220
2221
1
146
147
144
142
143
140
141
148
149
121
2083
2080
2081
2086
2084
2085
2538
2539
1190
2532
2533
2530
2531
2536
2537
2535
2713
3341
2716
2714
2715
1195
2718
2719
1194
1197
2671
1832
1830
3799
1837
1834
1835
3797
3796
3791
3790
3793
2154
2155
2156
2405
2150
2151
2152
2153
932
931
930
2158
2159
2408
934
2829
1954
1956
1951
1959
1958
3249
3248
3241
3240
3244
228
829
828
825
824
827
826
821
823
822
3097
1993
1480
1487
1486
3308
3309
3306
3307
3304
1488
3303
3301
1713
928
1711
794
1716
790
3050
1718
2413
798
612
1271
2415
1139
616
2416
1137
1135
1275
2419
2061
476
615
3018
3019
2064
3010
3011
3014
3015
926
1009
1008
1007
510
1005
1004
1003
1001
1000
1227
1226
621
620
1223
626
1221
1220
629
1229
2880
2886
2887
2884
2885
2888
2889
253
2
3878
3879
3870
3871
3873
3874
3876
3877
10
13
12
15
14
17
16
19
18
3118
3274
3272
3194
3905
3907
3903
1927
3908
3909
688
200
205
206
208
830
685
3477
684
1571
2239
2238
686
681
2233
2232
2235
2236
683
2185
3498
3496
3494
3495
3492
3493
3490
2095
2094
2096
2091
3659
2093
2092
3654
3656
3652
2525
2527
2526
2521
2522
2529
2528
2708
2704
2707
2706
2700
2703
1829
1825
1824
1826
1821
1823
2411
929
2145
2144
2143
2414
2141
2140
920
921
922
923
924
925
2149
927
3277
1922
3275
1924
3273
3270
3271
1929
3278
832
3475
3476
831
3470
834
3473
838
839
3
359
3319
1267
3311
3310
3313
3315
3314
3317
3316
784
786
787
780
781
782
1729
1726
1727
1724
1722
789
1720
1721
3007
63
64
65
3003
3002
68
3009
3008
407
1588
1589
406
1582
1583
1580
1586
404
509
1032
1033
1030
1031
502
1037
402
1212
631
1211
1216
1214
637
638
639
1218
1219
3335
2898
2895
2897
783
2891
2890
2893
1107
1456
1105
1102
1451
1100
1101
1458
1459
464
4080
4081
3869
4084
4087
3863
3862
3860
3867
3865
3864
3737
3736
3735
323
3733
1891
1892
3730
3917
3916
3915
3913
3912
3911
958
3919
461
2285
216
214
215
213
218
219
2138
4
324
3489
3488
3481
3480
3485
3484
3487
3649
3648
3645
3644
3643
3642
3640
2552
2553
2554
2555
2557
2396
2397
2394
2395
2392
2393
2390
2391
2398
2778
2779
2770
2771
2772
2773
2775
2776
3166
3167
1858
1859
2801
1850
1851
1852
1853
1854
1857
2172
2173
2170
2171
2176
2177
2174
2175
915
916
911
913
912
2604
2605
2606
2600
2601
2609
1933
1932
3263
1930
1936
1935
3266
3268
1938
3369
3467
846
845
844
3463
3462
3460
1426
849
848
3361
1738
1731
1730
1733
1736
1039
753
1807
751
750
757
1806
759
758
1805
1595
3071
1597
3073
1591
3075
1593
1592
2954
3079
2950
2951
2952
3787
1024
1027
1026
1021
1801
1023
1022
1029
1035
604
607
601
600
603
602
1204
1207
608
1203
633
935
468
3108
3109
3105
3100
3102
3103
1447
1446
1113
1444
1115
1442
1117
1440
1351
1449
1448
1350
2401
460
463
488
486
484
483
482
481
3922
3923
3921
3926
3927
3924
3925
3952
3928
3929
3993
3856
3857
3854
3855
3852
3853
3971
3851
992
3858
3859
198
195
197
190
193
192
3672
3670
3671
3676
3677
2543
2542
2540
2547
2546
2545
2544
2548
1104
2381
1457
2385
2384
2387
2386
2389
2388
1103
3581
2769
2768
3585
3586
3587
2763
3589
2761
1453
2767
2764
902
903
900
901
906
904
905
1843
1842
908
909
1847
1846
1845
2169
3251
2166
2161
2160
2163
2162
2617
2616
2614
2613
2612
2611
2610
2619
2618
3298
1909
3294
1907
1904
3297
1902
3291
1900
1901
3453
3451
850
3457
3454
3455
3459
858
6
425
1184
741
742
747
748
3063
3060
3067
3066
2949
3064
2947
3069
2944
2942
2941
2940
1051
1052
1054
719
1056
1057
1058
1696
1697
1695
1693
1690
1691
1698
1699
1278
1279
618
619
1270
613
1273
1274
617
614
1277
1795
3333
3332
3117
3116
3115
3114
3113
3112
3111
1472
1473
1470
3330
1476
1474
1475
1479
1495
1304
1305
1306
1307
1301
1302
1303
3334
1308
2596
3590
498
499
1499
494
495
496
497
490
491
492
493
24
25
26
27
20
21
22
28
2591
3939
3938
3935
3934
3936
3931
3930
3933
3932
1705
3841
3840
3843
3845
3844
3846
1600
4045
4046
4047
4040
4041
4043
4048
4049
7
2288
3664
3667
3661
3660
3663
3662
2281
2282
2283
3669
3668
2286
2287
1605
2578
2579
2576
2577
2574
2575
2572
2573
2571
2379
3691
2374
2375
2377
2370
2371
3593
2595
3591
2597
3596
2592
590
3599
3598
2598
2599
1876
1877
1874
1873
1879
975
974
973
972
971
596
979
978
2118
2119
180
181
186
187
2110
2111
188
189
2114
2115
2116
2117
2622
2623
2620
2621
2626
2627
2624
2629
1919
1918
3289
3288
1911
1910
1913
1912
1915
1914
3281
1916
869
1728
652
3449
3448
861
3444
862
3441
864
3443
3442
2024
2025
2026
2755
2752
2753
2022
2028
2029
2758
2759
883
882
881
880
887
885
884
889
888
2825
353
775
774
777
776
771
773
779
778
77
76
75
2979
73
3058
70
3056
2973
3054
3055
3052
3053
2974
2975
1043
1041
1040
1045
1048
1681
1680
1682
1685
1684
1687
1686
1689
1688
1269
3024
1263
666
1261
664
663
662
1265
660
2985
3286
3020
67
3128
3129
3122
3283
3126
3127
3124
3125
1469
1917
1465
1464
1467
3280
1461
1460
1463
1019
1317
1316
1315
1314
1313
1312
1311
868
1318
1010
529
3445
860
318
3940
312
311
3943
316
3946
3947
867
866
3402
2757
2020
2750
420
1330
1332
4057
4056
4052
4050
4058
630
2461
3610
3611
2299
3613
3614
3615
3616
3617
2290
2297
2296
2294
2560
2565
1615
2567
2369
2368
2367
2366
2364
2360
2587
2585
2583
2582
2581
865
2589
1861
1860
1863
3728
3729
1867
1866
1869
3726
3727
3720
3721
3722
3723
964
965
966
960
962
963
968
2109
2102
2101
2107
2106
2105
2104
30
2639
2638
2635
2634
2636
2631
2633
3438
1241
636
1240
3430
877
875
872
873
3436
871
2741
2740
2743
2742
2745
2031
2746
2749
2748
2039
2038
890
891
892
893
3094
897
898
899
1530
649
1969
3544
3545
3546
3547
1618
3543
1619
3549
1616
422
1965
2965
1789
768
1967
2961
2963
1780
1612
1782
761
766
1785
1786
1787
3048
1962
3041
3040
1963
3045
3044
3047
3046
1078
1079
1076
1535
1075
1072
1643
1070
1678
1679
1674
1672
1673
1094
1096
678
1091
1093
674
675
670
671
672
673
3135
3134
3137
3136
3130
3133
3132
3138
3396
1533
1418
1410
1412
1413
1414
1415
1416
1417
1322
1323
1321
1326
1327
1325
1329
1621
2494
1531
1256
1525
1254
1527
1520
1253
1522
1251
1258
308
309
3959
3958
300
301
302
3950
304
3956
3955
307
2858
1626
2978
74
1625
3059
988
3415
2972
989
2970
4062
4063
4066
472
4064
4065
4068
2977
79
3602
3601
3600
3607
3606
3604
3609
3608
3413
2990
2358
2352
2353
2350
2351
2357
2354
2355
1898
1899
3739
3738
1894
1895
1896
3734
1890
3732
3731
1893
2136
2137
2134
2132
2133
2131
950
953
952
955
954
957
956
477
2648
2649
2784
2640
2641
2642
2645
2647
1441
3428
3421
3420
3427
3426
3425
2003
2001
2007
2004
475
2008
2009
506
2034
1544
507
3555
3554
3553
3550
3558
667
919
504
665
2911
2912
2913
2915
2916
2917
717
2919
715
714
1797
712
711
1794
505
1524
1069
1068
1061
1060
1063
1062
1065
1064
1067
1066
1669
1668
1667
1666
1665
1664
1663
1660
1087
1086
592
1083
594
1081
1080
599
598
1088
3142
3143
3144
3145
3146
3147
2824
3149
2826
2827
2822
2823
3387
3384
3385
3382
3383
3381
3388
1409
1532
1402
1401
1400
1407
1406
1405
1404
449
1339
1338
693
443
1334
446
1333
444
501
1545
1542
3261
33
695
37
36
1537
1536
3090
1242
3096
644
647
3095
1249
648
1538
1493
339
3267
335
337
336
333
332
1633
2953
3899
3891
3896
3897
3894
1468
847
3466
3465
3464
8
3631
1353
1466
4079
4078
4077
4076
4071
4070
4073
4072
3966
3967
3965
3962
3963
3960
3961
1462
3968
3969
3639
3636
3637
3634
3632
840
3469
2345
2344
2347
2346
2341
2343
2342
1310
2349
2348
1455
2067
3708
3703
1885
1884
3706
3707
3704
1880
2120
2123
2125
948
949
2129
947
944
943
940
3038
2658
642
2653
1450
2651
2650
2657
2656
2655
2654
133
3417
131
130
3412
136
135
134
139
1354
2019
2018
2015
2014
2016
2011
2013
1452
158
3562
3563
3560
3566
3567
3564
3565
3034
3569
2902
2900
2906
2905
2904
704
705
706
2908
703
88
89
83
87
84
85
762
1934
1658
2487
1652
1653
1650
1651
1656
1654
1655
586
587
763
580
581
3153
3151
1985
3157
3156
2839
3154
2836
3159
3158
2833
2832
2831
2830
1436
1437
1434
1435
3395
3394
1430
1431
3399
418
1637
1438
1381
1260
458
1349
450
1342
1343
1344
1345
456
1347
1082
3368
1883
1266
1882
1502
657
1500
655
1506
653
1504
651
3085
1508
1509
3942
516
1886
3945
314
3885
3884
3887
3881
3883
1264
2126
3888
946
2128
752
4008
4009
4000
4002
4003
4004
4005
322
3970
321
3975
3974
3977
325
329
3629
3628
3622
3625
3624
1340
3626
1881
2331
2332
2333
2334
2335
2336
1594
2338
2339
1596
2958
835
3715
3714
3717
3711
3710
3713
3712
2711
2955
53
2488
2486
1599
2484
2485
2481
2248
2249
2652
2245
2246
2247
2241
2243
2464
994
997
996
991
990
2462
2463
999
2469
120
3400
122
123
3409
3408
3416
1188
132
1921
2068
2069
2798
2799
2792
137
2790
2791
2796
2065
2795
1185
1181
3579
3578
3575
3574
3576
3571
3573
2666
2667
2664
2665
2662
2669
2939
2934
2935
2933
2931
1836
3595
1645
1644
1647
1646
1640
3264
1649
1252
579
573
572
571
570
577
576
575
574
3195
2808
3168
2802
2803
3164
3165
3162
3163
2804
1161
1421
1425
1424
1427
2407
3364
3366
3367
939
3363
731
730
2157
737
736
739
1359
1358
469
2400
465
1352
467
466
1357
1356
1355
462
1749
937
1519
1518
1514
1517
1516
1511
1510
1513
1512
959
1798
280
3184
3185
3186
3187
3180
3181
3182
3183
3188
3189
3397
4018
2112
48
4012
4017
4016
4014
356
354
3988
352
351
350
3984
3986
3987
3981
3982
358
3612
2298
2323
1111
2321
2320
2327
2326
2325
1445
289
288
1112
1793
5
283
282
285
284
287
286
3760
3761
3762
3763
3764
3765
3767
3768
263
262
261
260
269
268
1562
2499
2491
2490
2492
2495
258
2496
2193
2258
2256
2253
2252
2251
2250
2477
2475
2474
2473
2472
2471
2470
980
981
986
987
984
2478
115
252
1790
116
111
112
119
118
2785
3227
2787
2786
2781
2780
2783
2782
2789
2079
2078
2073
2072
2071
2077
2076
2074
1796
3509
3500
3501
3502
3503
3504
3505
3506
3507
641
2670
2060
2675
2674
2677
2679
2678
2929
2928
2921
2920
2923
2922
2925
2924
2927
2926
3214
3215
3216
3217
1636
1981
1639
3218
3219
1988
1989
1781
568
569
2817
2816
2810
563
565
566
3171
3170
3172
3174
3176
3379
1189
1186
3376
3375
3374
1182
3372
3371
3370
726
724
725
1748
723
720
1744
1740
1741
1743
1164
1167
1485
640
1163
1484
1168
1169
1489
1366
3305
1864
473
46
42
43
41
1568
1298
1299
1788
1292
1561
1290
1291
1296
1297
1566
1295
474
591
2033
795
792
3197
1367
1364
471
3193
1363
3191
3190
479
1368
3198
