1718
4026
4024
4025
4022
4023
4020
4021
4029
344
347
340
342
3998
3997
3996
3995
3994
348
3992
3990
2318
2316
2317
2314
2315
2312
2310
298
296
297
294
295
3771
3770
3777
3776
3775
3778
270
272
274
276
277
2814
2268
2269
2263
2261
2266
2264
2441
2447
2444
2445
2448
109
102
106
107
104
2045
2043
2040
2041
2048
3155
3518
3513
3512
3514
2688
2689
2684
2685
2680
2683
3999
99
3392
93
95
94
1433
3207
1990
1993
3204
3203
1994
1997
3200
1999
1998
1629
3396
3209
3208
2860
2864
558
2866
2867
2868
554
557
556
553
552
1198
3348
3349
1190
3340
3341
1195
1194
1197
1196
1758
1757
1755
1753
1752
1751
1750
1177
1176
1174
1173
1171
1170
1178
511
1285
1287
1286
1281
1280
1283
1282
1289
1288
1579
1578
689
688
685
684
1571
1570
681
680
1575
682
623
2818
1349
3434
1221
624
1340
405
404
1375
1374
400
1379
409
408
3835
3836
3837
2747
3838
3839
1345
4035
4034
4037
4036
4038
1245
378
371
372
374
377
1244
393
391
396
395
399
398
2309
2301
2300
2302
2305
2304
2307
2306
3748
3749
3747
3744
3743
244
241
240
248
2275
2277
2276
2271
2270
2459
2458
2454
2451
2450
2453
2452
179
178
177
174
173
2051
3699
2052
2055
2054
2057
2056
2058
3692
3696
655
3089
1507
650
3526
3527
3525
3522
3520
3521
3528
3529
2699
2697
2696
2695
2694
2693
3227
2691
2690
3221
3220
1970
3232
3233
1969
1618
1619
1964
1617
1614
1615
1960
1613
1610
1963
2871
2870
2875
2879
3355
3354
3351
3350
3353
3352
3358
1768
1769
1762
1763
1761
1766
1767
1143
1146
1147
1148
692
1547
690
1545
696
1543
695
698
699
1548
1549
542
543
540
541
546
1781
549
1782
414
417
1389
412
1385
1387
418
1381
3827
3825
3824
3823
3822
3820
3829
3828
3589
366
364
365
362
363
381
383
384
385
386
388
389
1369
3753
3754
2190
2191
2192
2193
2194
2196
2197
253
250
256
254
2200
2204
2205
2206
2428
2429
2420
2422
2423
2424
2425
1848
168
169
164
166
160
161
163
3689
3688
3681
3680
3687
3686
3685
2518
2519
2514
2515
2517
2511
2512
2513
2734
2736
2737
2730
2732
2738
2739
3531
3530
3533
3532
3535
3537
678
1091
1814
1816
1810
1811
1812
1813
1818
1819
1099
1979
1601
1600
1603
1602
1973
1972
1971
1606
809
803
802
800
807
806
805
804
2849
2846
2844
2845
2842
2843
2841
3320
3322
2614
3325
3326
3328
1775
1774
1776
1771
1773
1772
1779
1778
326
3974
1158
2999
1155
1157
1150
1152
3038
58
1550
1553
1552
59
1554
1557
1556
3034
2991
3036
2993
3030
2995
3032
52
1559
534
532
531
530
538
3037
2996
1907
1904
1975
3297
3291
429
428
1398
1396
422
425
424
427
3812
3810
3817
3815
3819
3451
852
258
1840
1425
2183
2181
2180
2185
2184
226
224
223
222
221
2213
2212
2210
2217
2216
2214
2218
3375
153
2438
155
154
157
2432
2430
2437
2436
2435
2434
2509
2507
2504
2503
2501
2500
2727
2725
2722
2721
2729
2728
2199
3782
3783
3780
3781
1803
1802
3784
1808
3258
3259
1948
1949
3252
3253
1946
3255
3256
818
1255
810
812
814
1253
2859
1622
2850
2852
2855
3205
2857
3333
1491
3331
1493
1494
3336
1496
1497
1498
1499
3339
3202
1702
1703
1704
1705
1709
1624
3658
1120
1125
1126
2989
2988
3029
3028
3027
2981
2980
3023
3022
2985
2984
525
526
527
1018
1019
522
301
1015
1016
1017
528
529
1013
1235
1231
1232
1233
1238
3956
3954
439
437
434
435
431
3809
3805
3807
3806
3801
3802
2865
1967
4076
3065
2467
239
234
236
230
2945
233
3068
2229
2227
2224
2225
2222
2220
2221
1
147
144
142
140
141
148
149
2081
2086
122
2084
2085
2538
2539
3343
2533
2530
2531
2536
2535
2712
2713
1192
2716
2714
3346
2718
2719
3347
130
3344
1830
1836
1837
1834
1835
3797
137
2154
2155
2156
2405
2403
2152
2153
932
931
930
2158
2159
935
934
1956
1951
1959
1958
3249
3248
3241
825
827
826
821
823
822
3097
1536
1481
1480
1487
1486
1485
1484
3306
3307
1489
1488
3301
797
1711
794
1716
790
1992
2413
612
613
1139
616
1137
1136
1135
617
920
3018
3019
2064
3010
3014
3015
2149
1009
1008
1007
510
1005
1004
515
1001
516
1227
1226
620
1223
626
625
1220
1229
1228
2880
2886
2887
2884
2885
2888
2889
2
3878
3879
3870
3874
3877
10
13
12
14
17
16
18
1922
3959
1924
3904
3905
3907
3900
3902
3903
3271
3908
3909
200
202
205
207
206
208
830
1573
1572
687
2239
2238
686
2230
2233
2232
2235
2234
2236
683
3498
3496
3494
3495
3492
3493
3490
2095
2094
2096
2091
3659
2093
3654
3656
3652
2525
2527
2526
2521
2529
2528
2709
2707
2706
2700
2703
1829
1824
1821
1823
928
929
2145
2144
2415
2414
2417
2140
2419
2418
922
923
924
925
926
927
1921
3274
3275
3272
3273
3270
1927
1929
3278
3475
3476
3470
3471
834
3473
838
839
3
3319
3311
3310
3313
3314
3317
3316
784
786
787
780
781
1728
783
1724
1725
1723
1720
3007
63
64
3003
3002
68
3009
3008
1589
1582
1583
1580
1581
1586
1584
509
1032
507
504
505
1037
501
1212
1211
1216
1214
638
639
1218
1219
1394
465
782
2895
2897
1729
2891
1107
1456
1457
1102
1103
1100
1453
1458
1459
4080
4081
3869
322
4084
4085
4087
3863
3861
3860
3867
3865
3864
1894
1895
1577
3733
3731
3730
3916
3915
3913
3912
3911
2137
3919
1636
2285
1393
216
214
215
213
211
957
956
789
4
3489
3488
3481
3480
3485
3484
3487
3649
3646
3644
3640
2552
2553
2554
2555
2557
2396
2397
2395
2392
2393
2390
2391
2778
2779
2770
2771
2772
2773
2775
2776
2802
1858
2801
1850
1851
1852
1853
2172
2173
2176
2177
2174
915
2178
916
911
913
912
2604
2605
2606
2600
2601
2608
2609
1933
1932
1931
1930
3264
3267
3266
3268
1938
3369
847
846
845
844
3462
3461
3460
849
3468
2050
663
3361
2407
37
1738
1731
1730
1734
1737
1736
732
753
1807
751
750
757
1806
759
758
1595
3071
1597
3073
1591
3075
1593
1033
2955
1599
2951
2952
3787
1025
1024
1027
1026
1021
1801
1023
1022
1029
1035
630
607
1209
600
602
1204
1207
1200
1203
633
3108
636
3105
3103
1447
1446
1445
1112
1115
1442
1117
1440
1351
1449
1357
460
488
486
485
484
483
482
990
3922
3923
3921
3926
3927
3925
3929
3856
3857
3854
3855
3852
3851
992
3858
3859
2898
198
195
197
193
3678
3670
3671
3676
3674
2543
2542
2547
2546
2544
2548
1104
2381
1105
2384
2387
2386
2389
1451
3581
2769
2768
3585
3587
2762
2767
2764
902
903
900
901
906
904
905
1842
908
909
1847
1846
1845
2167
2166
2161
2162
2617
2616
1941
2613
2612
2611
2610
2619
2618
3298
3299
1909
1906
3295
3296
1905
1902
1903
1901
854
855
857
850
3457
3454
853
858
6
641
741
742
744
746
747
748
3063
3062
3060
3067
3066
2949
2948
2947
3069
2944
2942
2941
2940
1052
1054
719
1056
1058
1696
1695
1693
1690
1691
1698
1699
1278
1279
619
1270
1271
1274
1275
614
615
1795
2596
1490
3118
3116
3115
3114
3113
3112
1472
1473
1470
3330
1476
1474
1475
1479
1304
1305
1306
1307
3335
1302
1308
1309
3590
498
499
494
495
496
490
491
492
24
25
26
27
20
21
23
28
3939
3938
3935
3936
3931
3930
3933
3932
3840
3843
3845
3844
3846
3848
4045
4046
4040
4041
4043
4048
4049
7
3982
2288
3664
3667
3661
3660
3662
2281
2283
3669
3668
2286
2287
2578
2579
2576
2577
2575
2572
2573
2571
2378
2379
2374
2377
2370
2371
2372
2594
2595
3591
2597
2591
2592
590
3598
2598
2599
1876
1874
1084
1873
1879
2118
975
974
972
971
2119
1080
979
978
182
183
181
186
187
185
2110
2111
188
189
2114
2115
2117
2622
2623
2620
2621
2627
2624
2625
2629
1919
1918
3289
3288
1910
1913
3284
3283
1914
1917
3280
869
868
3449
3448
861
862
865
3440
3443
866
2024
2025
2026
2752
2753
2750
2028
2029
2758
2759
883
882
881
880
887
885
889
888
3149
775
774
776
771
773
772
779
778
419
77
76
2978
74
73
3058
3059
3056
2970
3055
3052
3053
79
1043
1045
1044
1048
1681
1680
1682
1684
1687
1686
1689
3025
1269
669
1263
666
1261
1260
1267
662
1265
660
3021
3286
67
1912
3122
1915
3121
3126
3127
3124
3125
3977
1465
8
1467
1466
1460
1463
1317
1315
1313
1312
1310
1318
1010
1011
3445
318
3940
3441
3942
3943
3946
864
3442
2757
2020
2022
420
1332
4057
4056
4052
4050
4058
3611
3612
2298
3614
3616
3618
2290
2297
2296
2561
2560
2564
2369
2368
2367
2366
2365
2364
2362
2361
2360
2587
2585
2584
2582
2581
1612
402
2589
1861
1860
1863
3729
1866
1869
3725
3726
3727
3723
964
965
966
282
960
963
968
1532
2109
2102
2101
2107
2106
2639
2635
2634
2637
2636
2631
3438
1537
640
3430
877
875
872
3435
3436
871
2741
2036
2743
2742
2745
2032
2031
2746
9
2748
2039
2038
890
891
893
894
895
897
898
3237
3544
3545
3546
3547
3541
3543
3549
1616
1965
2965
1789
3239
2961
1780
763
760
761
1784
1785
1787
3048
3041
3040
3042
3045
1078
1079
1076
1075
1072
1073
1679
1674
1676
1672
1673
1094
1096
1097
1090
679
1093
674
675
677
1098
671
672
3135
3137
3136
3130
3133
3138
1418
1410
1411
1412
1415
1416
1322
1323
1321
1326
1327
1329
1621
647
1620
1256
1257
1254
1527
1520
1521
1522
1258
308
309
1916
3958
3953
3952
3951
303
304
305
3955
307
1626
2979
70
2972
2474
3054
4062
4063
4066
4064
4065
2977
3050
3602
3601
3600
3607
3606
3608
2358
2352
2350
2351
2356
2357
2354
2355
1898
1899
3739
3738
3737
3736
1896
3734
1890
1891
1892
1893
2136
958
2134
2132
950
955
954
2138
2139
2648
2649
2640
2641
2642
2645
2647
1441
3428
3420
3425
2003
2001
2004
2008
2009
506
1544
3556
3554
3553
3559
3558
667
919
2912
1798
2914
2915
2916
2917
2919
715
1790
1797
712
2854
1794
1524
1069
1068
1061
1063
1062
1065
1064
1067
1066
1669
1668
1667
1665
1663
1660
1087
1086
593
592
1083
1082
1081
596
599
3141
3142
3143
3144
3145
3146
2825
2826
2827
2822
2823
3387
3384
3381
3388
1409
1403
1402
1401
1400
1407
1406
449
448
1338
443
1334
447
1330
1333
444
691
3261
33
30
711
36
1241
1240
1243
1242
3096
644
1531
1530
649
648
1538
338
337
336
333
332
3898
3899
3891
3896
3897
3894
3895
3467
3466
545
4075
4077
840
4071
4070
4073
4072
3967
3965
3962
3963
3960
3961
3968
3969
3639
3636
3634
3635
3632
3630
3631
3469
2345
2347
2346
2341
2343
2342
3197
2349
2348
1455
2067
3708
1888
3703
1885
1883
3707
3704
1880
2120
2123
2125
2127
949
2129
2128
943
940
1594
2658
642
2653
2652
2651
2650
2656
3039
3416
3414
3415
3412
3413
135
139
3418
3419
1354
2019
2018
2015
2014
2016
2011
2013
1452
3562
3563
3560
3566
3567
3564
3569
2900
2906
2904
704
705
706
703
1935
88
89
83
87
84
85
762
1934
1658
1659
1652
1653
1651
1656
1654
1655
586
587
585
583
581
588
3153
3151
3157
3156
2839
3154
2836
3159
2834
2833
2831
2830
1436
1437
1434
1435
3395
3394
3397
1431
3399
3398
1981
1438
1439
459
450
451
455
456
1347
1886
3263
3706
1266
1502
1500
1501
652
3088
1504
651
3085
1508
311
3082
310
833
3885
3884
3886
3881
3880
3883
1264
55
3888
946
947
752
4009
4000
4001
4004
4005
3971
320
321
3975
327
324
329
3629
3628
948
3622
3625
3626
1881
2331
2332
2334
2335
2336
2337
2338
2339
1341
835
3715
3714
3711
3710
3713
3712
1592
3719
3718
3079
2486
2487
2484
2485
2482
2481
2249
2244
2245
2241
2243
2464
2465
997
996
2460
2461
993
2463
369
999
998
120
121
3403
3402
124
2654
131
2068
2069
2798
2799
2060
2061
2790
2796
2065
2795
3374
3579
3578
3575
3574
3576
3571
3570
3573
3572
2666
2664
2665
2669
2938
2939
2936
2934
2935
2933
2931
3799
1645
1644
1646
1641
1640
1643
729
579
604
573
572
571
570
577
576
574
2808
3168
3166
3167
3164
3165
2806
2804
2406
3368
1424
1427
1426
3364
3366
3367
939
3363
731
730
2157
736
739
2151
1359
1358
469
2400
1353
1352
467
466
461
1356
1355
608
1518
1517
1516
1511
1513
1512
959
3129
3184
3185
3186
3187
3180
3181
3182
3183
3188
3189
3109
4018
4012
723
4016
4014
357
356
354
353
352
351
350
3984
3986
3987
359
2299
2323
2321
2320
2327
2326
2325
289
288
1444
1443
283
1030
285
284
287
286
3761
3762
3763
3764
3765
3767
3768
263
261
260
264
1031
268
2499
2490
2495
2494
2496
259
2258
2256
2252
2251
2250
2477
988
989
2473
2472
2470
983
980
986
987
984
114
116
112
118
2787
2786
2781
2780
2783
2782
2789
2788
2079
2078
2073
2072
2071
2077
2075
2074
1796
3500
3501
3502
3503
3504
3506
3507
2671
2670
2673
2675
2677
2679
2678
2929
2928
2920
2922
2925
2927
2926
3214
1987
3216
1983
1980
1637
1639
3219
1988
1989
3222
568
569
2816
2812
560
565
566
3171
3170
3172
3175
3174
3177
3176
3379
1189
1186
3376
1184
1185
1182
3372
3371
726
724
725
3735
1749
720
1744
1741
1743
1164
1165
1167
1161
1163
1168
1169
3304
1366
2913
3305
48
1367
46
47
42
2034
41
1568
1380
1298
3194
1788
1292
1562
1291
1296
1297
1566
1295
1713
591
475
472
473
1364
471
3193
477
474
1361
478
479
1368
3198
