35541
35542
175608
35230
73468
35548
162190
35234
35239
28995
11540
89373
89374
11545
19396
19395
51264
19393
22260
22262
213578
83897
214076
48895
25067
25068
25069
43871
43870
74018
151955
27370
185103
27373
6792
6793
6798
6799
57488
407712
25288
25280
16251
19970
19974
80596
16259
16701
12018
12017
12016
12011
22488
116782
100010
52462
17253
82104
17255
52466
49061
10709
9529
9524
83369
9527
10707
10704
149143
46796
24884
21613
23745
24819
64452
153557
69176
69178
26029
45116
168080
22874
24083
42834
3519
38507
38508
70663
14627
71534
208431
113726
208438
62889
96
21668
13013
13058
13052
13053
83476
102712
13055
112044
91063
94546
17823
20253
20250
27571
27576
27577
27574
29818
29817
29816
156384
47218
23508
40851
17591
22958
76089
103391
76082
59036
29109
31233
238871
171417
7182
17599
38590
72704
12831
8549
8548
8544
8540
193213
92262
257654
26627
26626
26623
107094
23658
7459
66504
66501
66502
55338
55628
55336
52818
22672
22670
22671
145695
100378
50673
26568
26563
6535
212563
24705
24706
24701
24702
65268
348296
77021
22010
2300
4721
19706
32221
74485
11280
6539
201426
17627
3749
98105
17628
98458
4620
4621
4624
13537
41823
41825
11753
11751
130251
19563
19565
19566
20733
20734
52104
20739
20738
141841
25544
25546
178
25549
143993
64027
76530
251164
93657
185671
185670
185672
21282
21931
21286
21287
21284
46658
21289
134155
204072
45305
87378
20084
41352
41350
248022
10391
57087
10395
21476
16936
44659
16934
16935
16931
44651
7216
17884
16250
6211
6210
102366
15701
6815
196641
6817
29371
29374
367362
40889
29379
21427
18936
21425
21422
37301
34917
18938
21428
49799
8841
8842
8843
58936
58937
30626
59485
26818
7661
26815
26810
149464
18823
8479
68346
164998
157712
78529
40227
40551
22489
137329
24550
24554
18315
47682
14471
28356
11112
19575
14477
8710
34303
64677
94482
50880
31577
171623
34257
73666
11762
37298
238461
55100
227233
5719
170684
5610
5611
143431
368
35213
11568
11569
89396
11567
17039
22245
241836
354258
9520
25735
25730
74032
128851
314286
6779
27398
98668
27393
9964
56454
20372
32608
258
55819
19911
16722
16721
19912
16725
12038
97682
12035
12034
60300
124113
120146
250178
19321
113080
21639
21633
21631
35482
21637
49097
21634
3681
23835
26048
270049
23834
167266
26040
2516
204664
64922
135944
152669
49323
49322
42816
148413
22811
22814
190310
182042
5056
22819
5052
5053
60464
3585
21290
94175
138066
116102
116101
53977
36821
102887
36799
162166
162164
18892
54995
14646
18545
18898
18541
7898
163567
122017
257014
13072
13073
13076
13079
83453
36170
36172
280671
18762
18097
18096
18767
20270
20272
27554
20275
27557
20278
41549
27808
115482
29298
29749
29748
29291
29747
68802
272551
23078
23073
23072
68809
29124
58420
29121
25893
39577
29129
25894
31744
76205
8033
12589
96241
8522
8521
12580
12587
44911
26607
35911
95217
26608
92244
8536
35918
89492
22655
61780
16924
26544
26545
26546
26547
26540
22380
26549
187271
48965
13988
7996
4294
50697
154844
28657
23383
28651
23405
22035
22036
155462
73059
86247
73050
174809
13678
118773
43338
13673
43335
13676
4746
13674
32243
19761
19766
5868
19764
55319
17357
17356
25386
90873
4608
25380
4607
120084
60252
13511
93377
6451
93372
23922
6453
93379
93378
27231
140199
27232
19587
19253
19582
19580
19581
52169
64557
112863
154
20864
20866
20861
106091
20863
25562
25567
6458
2236
56260
46679
6183
166857
90297
2721
45321
87356
134135
7236
7237
9192
7230
9196
9199
10377
10374
10370
99
63782
163771
16912
105342
12204
6231
12201
12202
9741
36589
121026
9779
10513
9777
63529
152278
10514
18952
14980
14982
14984
14987
24164
21405
21406
21407
41371
26832
26833
26838
26839
71982
7934
187710
24150
14189
160046
14185
224817
179600
15858
40203
137302
83151
83157
14325
14324
14327
11134
14320
18370
31311
14459
18379
17982
17983
79721
3028
17988
58553
58556
122228
30600
34982
34981
30356
16372
8738
19190
34327
34320
19440
4198
13867
13866
4194
13864
4192
35053
305
33671
103761
38386
38381
13057
66044
66047
148194
23248
47009
23719
23716
23717
23714
23715
23241
15326
12447
8190
8191
6433
15323
12440
27009
27004
8199
15328
15329
206838
39388
26270
35521
32588
140295
55786
19049
9943
100585
9944
9945
107917
107915
177605
92981
19937
16216
16743
16742
101187
12053
55879
20605
42784
42787
20607
119827
56786
131337
119828
25711
69209
21650
21877
49525
21656
124005
22318
64494
124395
250730
26062
26061
124399
2539
27573
99955
149006
64946
81717
99739
38547
22839
52573
38818
5074
290915
162147
94110
162148
53951
53957
260758
9567
10745
10742
10741
36771
18569
58789
18567
190193
112660
33093
38602
62337
13098
13096
13097
13095
85126
85651
44755
44206
36110
44204
44202
44753
44752
84523
84520
33542
23957
33546
16983
20298
20299
27822
796
129418
53643
99773
67140
40922
2415
23341
15139
15130
26993
31765
46989
26994
191964
7143
18747
18743
4972
18741
154161
18749
8053
79578
34044
30013
30012
72210
8059
12879
31492
26668
145962
50458
145969
7493
26663
31499
174393
26667
26666
28090
23010
24298
212612
24297
126133
24295
111588
88293
182624
26520
26526
385061
26528
26529
24742
187298
24748
14404
28674
28670
28896
28673
58159
26298
13651
114154
13653
13658
13659
77063
185282
24518
11241
11242
19749
5803
19034
19032
19746
19031
52368
60272
106565
244505
15200
25362
23903
23901
23905
11793
11792
23909
23908
27213
27210
27217
234552
32346
50897
64576
124279
64579
20844
146604
185637
185636
25503
53899
25505
25504
117171
16689
16685
166875
2709
10353
2706
162553
10359
7960
7967
9178
10683
27692
53096
10687
10684
16976
12268
17082
6250
6116
12264
90148
10536
121000
42991
33316
63508
22996
21468
21469
8888
8889
37438
835
21462
21463
33395
24101
21466
18975
22999
24105
41312
32744
20595
20597
84735
26852
26625
86463
26851
26855
100741
40041
14239
68302
164224
68657
1726
189991
257652
15832
15833
15831
15836
15835
268244
137499
178828
275283
33973
33971
10678
18358
18359
33975
125790
14308
18350
18353
94910
20331
20330
17968
45962
17966
17967
1580
1586
1584
7939
115728
115729
115726
30376
30377
31539
21516
114899
110751
114891
21515
5659
5656
24032
10674
5653
5650
21513
193053
161779
83172
67886
28285
118692
23730
23732
118698
130913
48875
27027
27021
23227
47064
23225
109239
15308
12469
150801
6416
30950
30951
30952
87414
7774
7773
7772
73629
73622
3916
19485
3910
6730
6734
6735
166461
6737
6738
36639
115949
50153
180102
92704
217
214
215
32707
19266
32708
16763
16762
22171
36716
12073
77474
154122
26112
25773
25774
18197
81483
25778
21853
46081
82821
205682
21676
242663
3892
64962
81733
26085
26086
11476
45524
43100
11479
5014
5015
98882
58016
135983
58012
116145
94137
52554
87215
17415
25193
13308
13307
4413
13300
53939
128987
919
128980
104774
915
101308
62351
58903
4866
20106
45281
36133
36135
146144
99287
21498
168029
168028
27595
27597
27591
27593
27598
99020
129161
44481
40904
25058
29251
25725
18506
21494
25726
15158
72051
509
72056
123895
29930
59508
123896
39537
56946
7163
7160
7165
112022
108884
89905
109688
8078
30030
12899
76242
34065
8072
88504
109686
12892
92573
26643
84766
26641
39288
39286
39284
26649
50308
40461
50306
1111
68843
1442
1440
47273
22348
22611
22342
199927
26501
26504
26506
48909
108334
173168
79553
15543
77046
27386
73017
73018
159094
95878
15018
114174
114175
114176
192103
4781
19015
5823
19017
19010
104219
23695
23694
5828
11261
93626
32938
89274
259785
61074
19703
56627
25699
185770
235065
25347
304420
25344
9674
74799
6048
11060
65791
65792
5848
9671
43593
25521
154372
69070
86825
153414
74534
11983
11980
297461
21993
21990
21991
21996
21997
21994
17313
17317
17316
166632
12790
9155
39840
3745
57571
9150
70094
70544
16950
16402
7901
9485
7907
236263
12244
20820
184696
51859
113708
9739
24121
46944
24124
21330
16245
63290
55808
255770
147975
22973
41338
32002
141750
41990
41992
41993
133449
26870
26871
26872
26875
104072
93764
21804
13117
102302
13114
13118
179131
15815
54736
18672
162952
17947
17940
17941
58598
14493
18333
17948
20312
20310
45947
20316
27475
38033
256043
89043
66668
89044
66666
85930
94470
143459
29060
29061
83195
55078
23200
23753
23750
19134
47045
28917
17918
27043
27040
27041
34491
82114
27044
496
6479
15369
6473
12400
12401
15366
6475
15365
50790
35011
50794
35014
7757
3939
78966
3935
19467
32546
19460
6719
6717
88317
8339
111428
39072
9903
24465
24466
24460
130974
130978
24469
19209
17641
32093
55526
19204
149288
22150
261748
22407
20365
22401
22400
22403
4045
13756
69245
100096
26314
26311
25548
43748
47292
15972
25752
43740
44512
21839
3662
24802
24801
49070
24807
3668
56291
56290
43126
64988
23357
99919
2577
2571
96640
11458
11457
21863
11452
17434
3592
17436
98202
97516
97518
5030
13324
38589
52539
13321
4433
13323
17122
38582
52530
17121
52536
17124
60408
977
976
102820
102823
67705
11496
152932
85340
20121
20122
134870
87279
87278
87272
124535
87276
87275
87274
39989
42656
42657
49383
200780
46579
210240
48030
162858
134703
59748
10474
10472
57962
39673
95602
29276
8927
20087
8925
8924
8923
14806
58299
58298
163272
168916
59520
109919
34269
30235
30236
34263
30233
34261
7100
97785
7106
7107
39517
123304
70278
86585
33589
18782
33584
18787
30058
20325
29988
86636
29980
29982
29985
58435
28057
151308
14770
28053
24256
24252
76000
1468
28582
28580
73781
315091
7219
77208
260436
24786
298239
24782
13929
13925
24788
24789
5591
28632
5592
5594
29037
13694
31985
35357
35356
13691
13905
35358
43359
16938
11206
66498
4210
32952
29830
19076
19079
245143
22366
12225
88787
245145
87866
25322
25326
64752
23947
23417
28357
151871
230562
6649
27257
27256
82630
51187
82638
59273
22097
240398
120248
15405
240397
19694
19695
19692
32370
251652
19698
97726
8124
193651
326452
46385
150856
5901
8121
17337
116965
52989
17334
10919
7291
7922
57554
7298
90109
10643
104639
121268
16423
6296
6294
6291
6290
60094
154427
26122
81856
86809
20800
85576
53278
113231
53274
26758
46964
21312
79847
17590
94070
72908
22951
79849
22956
22954
102494
102490
2748
4846
4847
209001
3482
71696
71925
44520
24144
5206
96925
11990
58605
32149
164914
53583
13174
65760
54725
18647
14345
14344
11194
14341
108184
18319
108186
78527
38052
3040
3043
17929
94408
62639
20371
34924
87047
34923
146204
83209
40008
83202
133138
7895
41715
41710
41711
129316
156113
15693
29040
29041
1324
28934
15436
15437
15434
12424
30915
15430
15431
27060
15349
27062
8689
6909
48837
123112
50808
86295
145518
69314
110710
7734
3959
3958
91833
19443
19442
19192
19195
88330
39090
24445
50113
61555
27933
55542
119731
22429
73196
73191
22426
22136
4062
310348
215857
86324
13778
69912
5784
42606
10117
5788
262099
28921
60390
116985
114634
19991
19990
11439
101129
32740
165881
11434
11435
17450
38873
116182
52518
52519
293227
4453
4451
4450
186227
102800
4458
57493
49610
957
21817
24863
49012
21813
24864
139195
80242
80792
25305
20142
20141
20146
20144
62822
155752
16855
16856
16850
16853
134235
44735
185423
185427
6334
6337
6330
210221
42676
167956
10453
39651
53641
362583
10104
10459
9678
10103
21767
21769
21768
113452
54265
33031
59094
115370
123328
26935
29599
26930
49906
81472
333660
142202
68733
156855
67704
67707
67702
24276
24272
50347
50345
4072
5797
28030
14759
28035
14755
14756
68559
296860
76060
34243
72017
68881
27607
234460
68884
35196
13901
13902
35190
417230
35199
114358
18100
18102
258747
20923
272083
5577
5572
144052
30076
91628
30072
30071
72900
3969
73509
339
338
188655
93668
47369
87843
19055
19056
132766
25903
214733
183685
61707
25908
98036
151853
25657
110291
78221
23438
109024
82658
16199
13841
286370
117447
117446
42464
55979
16190
16191
12759
6107
12754
12755
12751
10930
10932
16995
16996
16997
125787
93888
16992
9447
57533
12286
21156
21154
16445
81653
88106
21485
166367
21483
49738
21489
21379
3412
22937
49223
21370
37454
333472
333473
116245
116246
79950
10666
15290
13483
90216
13485
4867
13487
70500
18480
18482
58621
58623
163622
14108
32757
321227
71906
17716
96901
52709
20689
20688
106108
13154
13152
13150
56374
20682
60619
10593
148571
10595
33262
54706
112162
71010
33268
18661
17908
20424
91100
63702
94466
27432
91104
17900
122513
62612
17907
87028
186159
34903
143631
87026
38868
202350
44503
44505
275154
40024
40020
47888
47886
47880
12992
106578
41739
41734
11121
41737
41731
40034
29537
24004
35927
78506
29026
76545
169270
237822
237823
15418
109700
15416
6926
26747
7712
50750
50751
7717
92457
184091
171689
50289
50280
174415
8376
34763
8373
82991
8378
8379
119670
177688
1598
24429
24428
319282
319280
22443
22445
22110
250402
26355
26357
26356
26359
26358
4001
13715
80788
19421
19423
24871
19425
51080
3979
19428
23269
3621
3620
26559
145134
110332
35411
60377
60376
60373
359494
359495
359493
101100
81300
117875
117872
16298
56036
56034
38894
17472
17474
17475
38893
25461
13360
13361
130068
4477
80229
113021
82517
46024
49033
24841
20168
48619
41259
2467
2463
20163
20167
99269
36191
36197
117307
16870
16877
16876
16875
28054
6316
22935
70264
99043
99041
203291
70268
36999
29239
29235
31271
10437
18871
18873
37025
54931
18877
18876
21749
21748
78336
112378
105488
105486
105487
49225
8966
85150
102138
8005
80912
86546
38469
149545
157615
29495
40341
83076
18295
24216
202161
18298
2805
45992
5433
5436
157472
28010
28544
104993
28540
58476
30270
34227
30279
34228
13962
13963
35179
35175
35174
18123
147477
89749
160734
72291
234621
234620
10668
106909
85894
2010
131925
183517
131929
13662
35311
114486
31323
23182
51416
51417
23639
23638
319146
23184
23634
89291
23636
132039
161169
14104
30894
15062
48971
73744
73745
11299
18489
22321
130297
25676
25675
180356
23983
23982
23981
23455
23984
27293
76957
355
39110
73524
351
206000
16605
16600
297158
16603
297156
297157
297154
297152
16609
297151
55919
61187
6122
32337
22589
97760
22586
12425
3751
69548
64715
124012
64862
21174
21175
21170
21173
16468
63726
13155
150706
120912
141222
25580
154468
145005
25584
2259
2258
26162
69763
26161
2253
2252
2251
2195
24182
46257
24180
21354
24184
21358
49758
125502
72301
121427
144388
63127
247664
2784
2787
138148
4804
2780
2783
2782
94030
41933
134192
9467
9460
11602
199203
11609
9468
11959
11955
11957
18465
71386
17732
17731
98591
62458
89473
60638
147614
9791
36528
36523
33209
54768
14383
54090
14387
54096
14385
14384
34965
87006
48404
175788
37779
48400
297148
18669
83246
5739
195035
321752
321753
321751
44072
44075
146247
316710
50540
85950
85954
15650
41755
7081
29002
29551
29556
7087
29555
7089
7088
123486
51546
27434
37921
7585
9805
15385
8172
103649
7581
26926
6948
7582
111195
59487
51672
86753
50730
50731
26765
110828
92470
26760
86550
148970
27439
319770
66605
111334
8398
111333
34785
25832
8390
91877
241070
107247
24403
24402
4392
473
476
28755
478
136908
28971
13322
22469
22465
61514
13737
4024
13734
81407
4020
26378
26377
26375
77163
11380
95008
93789
170208
19154
93780
3994
32523
19402
19152
56581
44054
94205
68094
43182
43189
93431
23844
230938
23843
185078
101169
65875
51608
27175
294
69373
36201
25449
25114
166410
147060
64299
7861
39926
95556
328311
39923
39920
57183
8091
8829
16812
16814
16816
97203
141942
6370
6372
6374
120534
12126
39695
10413
10412
70241
9328
63442
2836
101836
8941
8940
8947
8949
37004
37551
37001
41231
28105
48362
26971
26970
40182
157996
26978
73123
243563
49417
750
5180
170843
142793
58183
1628
58185
28555
48095
48099
47958
28556
40368
40364
29966
553
58401
24238
24239
14712
28560
28553
58451
58450
24231
182041
24236
24237
5458
62242
182040
1191
68594
5455
5457
59587
59584
75934
284004
30200
59588
296859
35153
35157
35156
31120
27436
18145
185262
73759
23619
51471
23611
23617
15043
27769
15046
27761
7695
6448
7691
7692
25940
25945
25946
23472
74718
76970
20833
177254
35335
35842
39172
19360
74825
74826
6143
12715
14862
12718
6148
5104
16171
25617
26493
26490
26497
100717
120044
21112
21110
21116
51944
46497
71517
16484
75992
261110
75994
2275
26144
39308
26147
184612
77628
119524
11592
43515
46278
49770
46276
46277
10287
234639
53571
17287
56916
62314
17533
94018
2053
2054
102434
4534
4827
13446
7980
10629
11621
11620
7984
7987
7988
97630
10626
10627
11979
62478
11976
64337
20648
153230
57114
34585
27962
36541
13198
14200
60652
225221
13191
13190
13196
13195
36018
63874
63871
20469
20399
203155
20462
10084
67024
10081
10082
18440
18448
12954
15676
191845
7060
18620
33226
18623
54743
146100
33220
27999
76509
15907
15452
15905
15454
12487
289900
12485
40796
92419
50718
24393
50248
50244
33526
131044
88820
213687
88825
67978
40420
9981
151153
66085
14508
23288
21375
28221
1381
1382
28224
95990
38190
43214
282139
86340
8805
11365
165022
11363
48058
181564
55032
19174
107845
206926
51626
19285
19286
118141
23867
27154
27156
82731
25135
60489
153001
53994
53993
42033
80770
75851
261871
75854
99228
2422
53303
16834
16833
16832
121384
121389
16839
12102
12109
97591
97590
9617
9614
9612
10169
169005
10167
9349
90060
81463
10163
36481
10160
168998
21708
1817
75273
212977
14881
48306
134564
41218
1157
86505
26950
14081
14082
37682
49434
68029
157127
157122
3222
167317
13275
24547
168444
2846
2847
2845
108028
3322
14032
5473
5470
28509
14262
20074
20075
303570
122123
38755
92676
284571
18163
233573
5512
5515
5516
29903
156833
29908
129094
23671
23670
23673
23672
23674
23677
66144
185242
66411
48930
76192
14464
76191
76198
76199
5134
15021
15020
206628
47932
15027
73708
29632
174572
35134
39482
73871
3813
170671
23498
32487
23495
23497
23496
23490
23493
34627
8451
76999
92336
131784
35860
35866
287086
7543
366744
366745
19348
19349
51908
19615
16132
19342
19343
6168
50878
315101
64829
36380
25638
201399
25633
25631
21138
46478
24947
119540
141261
141265
22724
11415
43530
54817
101286
96053
96500
191230
97677
46212
46213
46211
46216
97679
41973
17518
41977
17511
17517
17514
13468
18208
4510
13460
4514
4515
11648
18207
11647
52766
17775
62411
17771
5284
147373
124411
81941
103771
124415
27943
134953
27946
27944
148512
21392
21393
80544
85066
321570
20445
45746
27497
48110
45748
70694
95744
18422
11910
18420
11912
11915
9023
71348
17471
10245
12932
12933
12935
76691
138897
12939
10202
7040
18687
233741
233747
18391
37214
37212
18395
37742
18397
8609
115457
8603
8601
15920
30773
26724
50262
26727
26728
26729
39363
123665
24378
14692
2983
14699
14698
24373
68252
183761
40118
68477
40443
267197
14521
28713
28244
28246
14528
158781
438
437
433
29882
11340
11343
67198
158172
43231
96338
19110
19115
19114
19116
93747
5706
96333
245006
127634
103343
35135
60310
28865
28860
6421
23808
42072
15332
48730
27133
155211
82716
25401
25150
25407
74475
16580
21343
42019
323523
21897
21896
46044
10834
297636
39964
1051
39968
39969
21095
21094
21093
21091
16368
105752
173742
57802
97248
17188
3402
56090
17186
152884
113629
22924
9368
9369
9367
101879
113623
57323
21272
49181
21277
21275
49635
32926
63407
75963
1835
365884
81007
268683
4985
81003
4987
4986
41891
134231
113449
1955
1956
1951
1953
163015
14065
1959
106061
138422
315769
167332
59811
13257
162782
13251
18987
71156
71407
1482
62205
38777
62203
5499
3308
62752
3306
14203
5496
14201
3302
3303
5492
171480
20058
209687
20056
20057
40145
40140
12147
73053
132082
132277
18185
78757
89721
72985
72987
167025
133274
29382
40325
29384
29389
517
29920
15565
28389
1220
4747
23127
18021
23652
15555
97838
15556
6532
8296
30389
27722
15009
27720
25982
29659
96438
31167
174008
55645
77806
3879
91957
91951
91952
3873
34608
88989
8475
8474
8476
34601
92600
7564
7560
100138
50039
27513
21271
126734
24581
35805
103802
19320
32601
19326
189039
22298
22525
22523
22293
13896
4165
69839
26458
26457
69524
13899
165497
24639
24635
24633
46185
111119
26187
26180
92973
26182
38979
21747
18874
43002
2230
320976
31833
5937
51922
5930
93005
31604
93002
17571
17570
63131
17579
293496
2097
60257
42795
34120
11664
11663
46454
24966
32064
128887
104692
104694
27920
27925
27924
62928
17794
17797
105562
17791
34128
64379
8963
25216
60696
60697
60695
25219
60690
101511
128087
74314
80031
118217
46982
205455
42978
42207
42206
42201
20933
20932
45767
41405
48463
39734
39731
71362
7360
133481
44584
43846
44586
3
11939
11937
11936
33403
11932
12319
15639
290140
19588
30178
15631
12912
7020
9002
24036
21514
24035
71096
24033
269068
35838
84357
20343
9830
37724
115128
15943
15947
327896
7790
7792
7797
58133
24359
126038
47801
189862
66338
24352
126030
47809
24355
79181
164647
164310
76324
79188
77327
77324
4372
11069
136962
136960
14541
14540
15494
19122
15496
8663
111173
8665
15493
38123
15498
13790
31446
13798
160542
89117
258460
19138
19137
19135
5721
51551
19132
32850
61646
127344
130353
35497
35490
35491
136215
23821
23352
118188
11492
11494
23358
27112
27113
82778
76819
8088
206165
22190
197960
25173
25175
43964
239206
19792
19796
19794
16565
16566
16562
205668
277199
88245
193637
12676
12671
12672
10813
10817
10816
56259
116969
74654
56521
7800
7802
57127
13886
19869
19868
21078
139796
21074
16305
32144
6390
60193
26240
26247
153587
87507
63420
247282
58045
101896
21211
21212
37531
184826
1851
2807
3842
404750
4968
4961
4960
14041
39271
84295
5120
58166
58165
158763
53336
13239
36918
13237
14957
14954
14953
230207
37394
3360
10379
14959
38711
38715
38718
38719
30547
30542
20034
44170
83568
7238
40124
40125
85813
157782
85814
47477
47472
6880
6881
103133
99621
99620
8269
168484
40876
40873
605
606
601
79790
4272
195868
136511
59435
30819
15576
30815
30814
303141
303140
30810
90619
26881
8103
20435
39446
958
78773
238782
117609
55448
113524
34668
34669
34663
131740
34665
133920
133921
35824
7588
35394
9809
145830
9807
9806
7586
9802
9801
35828
66103
187030
18126
22505
261642
22502
61101
257022
257023
257020
257021
26471
26472
26473
18888
26478
15391
69818
4149
4148
120753
4144
3856
3857
24658
24659
6484
96275
22760
38955
38957
75429
38953
155550
65370
150072
38958
98363
35534
11823
35533
124985
18551
185173
32620
93538
16170
19303
5919
16177
19306
16175
104361
19659
5911
5910
5912
281624
17556
17227
19845
222408
92440
13426
4552
10510
74084
248744
11681
101429
11682
27304
27301
46434
24909
27309
45169
20629
20623
25232
25237
25238
8863
16797
80058
16798
16799
6077
14989
6071
14988
42223
87280
42225
6078
45708
20488
320220
20487
111456
20957
20956
7345
21052
10024
21684
21685
78219
21688
21689
62903
54813
12330
41699
174700
10242
113813
10240
7005
29085
10244
7006
18683
33283
37256
37257
18685
49866
23181
24012
22889
22888
22880
22887
51411
29880
742
743
83358
29885
67628
29888
29889
119347
67190
24339
2944
2942
47862
5356
5355
1058
1059
30157
211729
76300
31284
4314
31282
31281
15064
77300
150043
14566
18024
11043
14560
11049
11048
14730
30731
207179
81592
8648
8646
8647
24930
35706
145999
282156
31468
50953
23590
21946
23594
23595
23596
5748
11303
89460
11305
51571
51570
25826
67997
129241
66712
145660
130800
23373
15212
12530
15211
82027
76874
95284
73156
22100
16091
16545
12651
12650
12657
12656
87099
100653
56505
116944
19517
63993
63995
4944
65742
21053
150449
21055
257927
97286
43904
86908
2376
26225
86900
21237
21236
21947
21234
21232
21230
98191
75218
209305
4941
45574
41854
79942
53136
9336
90550
15393
14023
14028
13708
17057
17054
17055
17052
17053
3288
5100
408593
5106
5107
17058
1916
60713
186336
186339
186338
108473
57366
57367
57368
36424
10493
36392
2608
363761
33619
33614
25883
14797
34864
45719
34861
38737
40108
36649
18378
44158
36643
36647
242381
47452
47456
255430
41679
262928
15774
29472
29477
168350
17989
52622
71118
3023
665
17051
8259
1266
1265
1264
59419
15510
34391
30837
15514
5101
119283
39460
29690
3281
231682
34135
34985
8438
34773
79446
9827
13213
180044
35422
44844
86122
18089
132096
217579
22560
100792
309914
26415
24670
24673
13869
24676
24677
4123
4122
4121
76234
4125
28124
22788
22786
31001
38939
22782
98694
35518
23784
23786
23781
93511
185157
11514
11516
19678
27094
5978
51748
27090
27093
16150
19671
16152
5970
5977
5976
5975
17209
17208
56775
56996
25781
25787
25786
25785
25784
14978
25031
128512
125839
218000
24928
46419
82254
27327
82253
27325
135516
69123
69122
134392
270037
64408
45495
45144
25259
25250
112531
25254
36090
42241
42242
97615
6055
44906
6053
90340
193873
9599
9225
34419
9220
212874
54878
71322
12358
16469
12351
113342
113341
123930
14056
42864
9043
9047
42868
17745
9044
24079
68451
21552
21551
3549
21555
41442
20974
45722
41445
25109
84313
41449
26787
2962
26789
40713
44459
338379
168724
24310
16129
1078
1073
5372
13005
13007
13001
84368
30138
13009
13008
77980
41456
54123
108299
3137
33806
54129
18007
37851
14582
20205
91761
76587
17855
17853
44620
289980
31401
26536
89408
23574
5765
23572
23573
89405
155019
159148
188714
25808
216210
8192
66730
218920
136755
72776
76853
256547
76851
140035
23315
206436
82008
12518
48858
231747
26166
12441
15231
15232
15233
77180
50977
35721
92235
50979
24183
42529
12632
6607
56561
56562
56565
50607
60959
100630
100636
110919
21031
21030
21033
63580
335859
21037
21036
63970
42910
22045
22044
22040
22043
65720
12184
22049
12182
12180
26201
26208
206523
69602
2350
2356
21962
4572
21789
46605
21968
49652
18555
56384
3737
57500
13580
2134
13583
13587
81068
13589
45552
393934
11727
11721
96802
5161
96800
5163
96806
96804
96805
14000
58126
14005
58120
20782
20783
17075
4805
36404
102242
36401
18550
143921
90626
128657
250558
9696
53800
122434
364248
84783
112510
81575
54606
58386
134191
34801
34807
143824
48525
39896
146528
146529
26280
133705
41121
52778
1792
10605
84433
196638
6304
15751
15756
40383
40381
29457
40388
29321
11608
33632
8233
94988
6593
15533
8234
30859
76114
30679
164144
95055
24491
237962
59475
179961
86498
31677
7632
7630
7634
18466
319980
319981
37135
34118
236399
44864
100404
100407
32276
107369
38115
27986
3093
3090
3091
28496
47383
28320
23140
16217
206598
16215
3127
31096
35714
19934
29221
73692
26431
26432
26433
26434
26435
9646
24697
26426
24693
152388
38316
38314
10424
17347
55155
32401
3890
32403
38318
38319
38911
56170
17616
31899
5950
11538
51230
5954
148162
11532
101201
11535
11534
61140
61146
153
8432
104188
128539
104180
128826
104187
75976
75979
27342
124360
25279
25278
128790
188862
188860
46292
286572
286573
286570
286571
119829
52452
52456
6037
328074
10064
9202
10068
2656
7388
63018
27226
12378
12379
141157
107691
113361
9062
9066
53496
33205
10282
10281
21570
21573
17105
61615
3566
22848
17483
294284
17489
13390
2903
2902
18052
2905
20709
2908
700
701
702
703
11884
21871
14611
14613
106610
79125
5317
38673
38672
13023
102056
30445
31798
31249
52171
78614
17874
17877
3157
11082
11081
149
132370
172028
27500
27507
3212
94519
94517
83312
83316
23553
27646
318972
97965
59049
25861
67483
23330
23331
23881
23885
23339
74961
8574
82060
155290
64497
8570
8571
109145
34569
15258
64492
12572
12570
105873
12577
15255
39232
92216
6139
19083
19080
32219
19086
170426
32214
16057
19088
223279
200859
88776
88775
12615
6625
92077
26596
26595
26593
26590
69449
26598
24735
24734
24736
24733
29486
19889
43164
19887
181101
22061
22060
24675
13625
13627
4717
13623
13622
250243
2339
81268
257216
14257
43417
46628
21900
21903
21902
49107
41815
75700
17673
130262
2488
2489
90518
13563
13560
13561
11705
57143
11701
97421
105646
5144
7433
5142
5143
17262
122
20767
20764
17016
17014
17015
36466
36469
7954
63486
80135
95429
122184
20509
422464
20503
15352
20505
7247
44660
7245
7242
7240
36686
133769
36683
7248
42105
17168
15351
6822
15737
15736
41109
244734
10540
53539
99682
29308
178305
121728
29304
18909
37486
149783
37335
18276
18901
18900
18903
18902
30653
8218
59454
59455
34359
8211
8746
30875
30658
8215
30872
30871
30870
7650
7655
39420
6678
319968
319969
57434
37154
47410
67837
104303
35881
35882
35884
35886
11519
44880
9866
14426
14427
11144
14425
151058
24504
101225
24503
14428
24501
1519
239727
18138
38088
207190
77551
101229
58961
13816
13812
13810
10522
27095
65175
28168
10520
96213
207999
230620
27096
91266
234719
234716
103735
79482
56488
73418
18566
11830
89360
32392
51251
121742
27099
32689
27098
149890
22217
87488
261952
22212
103881
61164
103556
25071
25073
25074
25079
240115
101482
21047
19855
27367
173144
27363
319776
38604
21043
27369
27368
17202
98650
24118
108601
25291
25290
25292
260
16262
19943
85085
269
74392
32519
182464
8877
6017
6016
58363
259032
88018
21471
17249
21470
17246
52472
17241
57461
9264
53704
53705
21477
18960
12394
12392
69166
64910
203626
64449
210784
210785
210782
9089
113303
159850
21598
16309
21592
21590
21591
116136
98878
22869
324403
68149
22860
22866
5085
158722
2675
2674
2679
130139
90658
26840
14639
5332
16771
18592
18593
18590
14637
40608
38653
79102
38654
132303
36146
36143
13040
13043
13042
36149
13044
18737
33517
24260
54163
18045
33513
18048
6544
62074
62077
3172
27563
20244
27567
24925
29822
29820
137872
40754
29824
40758
26235
40979
129195
23531
23537
23534
23535
188242
66517
66515
27620
21952
27628
25841
45143
29178
77946
29177
47197
12804
15274
12803
65899
109618
87566
88577
8007
8000
343462
39210
194922
67149
39219
17685
7461
7465
16079
65091
16073
55340
241188
2786
52949
22661
10893
49218
24716
25256
61200
16088
73061
119467
119466
22002
22005
73068
77769
13607
2316
2314
13608
2312
13735
4025
165609
69957
17655
17657
17653
161850
13544
56839
13540
17383
116306
13548
41832
130245
51114
16383
19574
101019
96799
96796
96794
96795
96793
96790
96791
97449
97448
20747
227019
62514
60009
105
14336
74231
185669
185667
36442
36445
21926
58564
21294
46647
21920
80112
128617
21928
45846
14330
87366
41345
83870
10384
10388
163726
5113
19189
7264
16929
6207
6200
12230
14016
12238
59610
91420
15867
6800
51065
179908
107717
9740
29364
29366
29368
10569
21437
21436
21431
21430
21433
78445
21438
364570
18929
18928
8838
18922
33673
18927
18926
30328
179981
95010
26800
51280
266286
68356
1757
158979
68606
24523
18273
86180
50090
1285
1287
28367
242097
1282
66180
14405
14406
88627
66186
76401
34376
60705
34379
94942
13834
12877
13830
13832
50890
73655
13839
184038
300673
85985
5620
183156
183155
34155
34156
34158
72387
31014
35203
35202
35204
50856
23276
5990
188768
11576
11570
19381
132653
19383
51274
22276
22274
301071
25729
43869
25057
25056
25055
25054
43862
25720
97146
6782
82236
6786
46120
117792
27381
56132
73385
56130
73388
247
2881
55806
16719
16717
51857
16240
80585
16242
139967
98588
12004
26661
120132
69982
64608
121553
63053
113099
121554
9531
26664
21608
46784
224214
20579
45470
270051
24094
42806
24096
42803
24091
44782
44783
128134
133684
152611
22800
157063
22807
22809
211549
116113
116115
116117
38511
38513
10716
10710
24294
112940
37275
58209
62893
38636
24075
25446
13067
13066
13064
13062
13061
30408
13069
13068
36162
36164
2871
118818
71748
18715
18716
18717
18711
54183
48045
48044
20264
38185
17837
83603
40773
40772
137672
1141
1144
23510
47200
59000
27601
59008
97929
23237
31207
29115
79526
16893
91699
764
109671
8532
8027
8024
8025
7440
26635
7449
107064
92526
17387
150835
378265
12478
22395
77298
26552
69406
24311
28643
28642
24770
151575
28649
24774
126490
213220
22026
22024
5551
61227
22029
22028
1306
86230
386
267512
119446
4750
13660
13663
43454
43321
43320
13667
19771
5873
32253
16012
16014
16017
21404
292716
17630
94317
17635
56859
161833
3757
4630
60248
90802
4634
100924
11748
130221
51133
93348
19599
51136
19594
19591
19590
20726
20895
20897
141587
13298
13299
60799
64039
60791
13293
13294
64037
25559
114156
29133
185640
185641
74218
4763
43317
49144
42323
42492
41368
2730
20090
20091
20093
41367
45313
87341
57097
9185
9180
191152
9188
679
16903
16902
7209
16906
16904
7201
6223
6227
6225
54401
6229
15849
9763
367358
367359
10503
10502
10505
10507
10506
21413
21412
18943
24170
37374
21415
21414
18949
24178
62796
8852
8857
59949
59942
59945
238982
26829
168686
13450
86439
26823
53351
26821
40091
53350
132816
39478
11949
108297
11942
67304
40238
54881
37995
24540
18360
162903
37998
1551
62134
1555
14463
28434
28432
3032
8702
94969
30345
16026
15597
15596
34319
30618
13850
13857
13854
13855
134984
50871
19254
9323
16756
118553
118551
38372
91224
38375
8605
16207
91229
63268
21729
180154
35267
47012
23250
23708
23254
23259
23702
12457
6427
15330
30963
6423
27011
12458
73670
25708
151986
21725
25701
25707
34106
166108
193418
6768
6760
56118
9976
107297
56449
9978
16228
19909
42797
32063
16220
117514
19904
119832
105033
120153
43847
120158
64623
124123
21620
21622
21623
63075
21629
33219
305733
305734
203952
45418
30984
89407
260792
26059
43153
2502
26054
26055
46507
135958
46509
84391
17174
84393
75089
17170
75084
5040
222755
94105
94104
116175
113522
10770
113527
57421
36818
112693
14851
54219
18889
18556
18887
265306
18882
18883
38614
38612
62300
62301
23172
13088
13087
87281
13156
18779
20289
59792
20281
83624
146272
10190
29753
99706
29758
29759
10198
233182
71507
40932
40937
68816
1127
158468
97906
97907
15104
25502
171428
18080
31776
8517
8515
8511
59853
79500
8518
8519
177866
123069
145972
31482
31488
26616
26617
26612
26613
23064
23066
136123
23061
24281
66556
47228
103908
22625
61796
61792
88280
26530
5175
26537
154850
52822
52824
24755
77505
24751
240817
192212
208824
28887
28886
23399
158296
75503
13644
13643
13640
26287
31959
13648
14710
64025
14247
258204
89229
51487
220058
32278
19756
19755
16032
5817
17349
17610
17611
14717
17615
17340
4610
4613
60260
13504
13506
13507
93362
121964
23931
57651
28569
155326
27227
27225
51155
27229
20708
147
153117
20700
20877
20875
20705
20707
25576
25571
25572
25573
16690
80629
77293
2712
17154
7956
7955
7222
9168
7952
7951
7950
9164
10692
10695
10346
7958
176427
16962
37777
16967
121296
12273
12272
12276
53226
123524
36591
9709
9701
9702
9705
14992
21478
14994
88206
8879
8878
24113
14999
24115
24114
24117
24116
820
26841
44574
102509
26847
133471
67093
187709
320905
46095
68641
1716
14192
68648
14190
15821
15820
15823
15824
15829
33306
40215
104763
18343
28415
18341
11123
33942
14333
54020
14448
18349
24567
62112
62110
17975
232777
34999
237303
8721
34331
8723
8724
8726
114881
238302
10531
13871
4183
13873
31540
13875
31010
62321
34196
38390
89348
67890
58791
14096
143464
82481
23729
319279
23726
47077
15313
48868
15316
15315
15314
61497
30949
48860
51226
7765
73611
7768
70248
3908
353
6745
6744
127990
225960
32594
9710
19535
4699
97104
97107
35244
35240
35249
35248
19920
233883
16202
19924
19925
55513
16755
19928
16209
16758
16759
12043
12040
12041
12045
834
119811
34314
24103
8886
21642
21864
21641
21646
49537
21860
21645
85397
33392
24104
257024
37347
64977
26072
26073
64971
2522
111307
45432
22048
5066
184906
5062
5069
135422
116154
38807
38801
17404
90635
162150
4408
60459
13316
13310
235260
9572
9571
9570
9574
920
10752
36745
125678
11808
122022
5395
62323
11803
54232
7450
26850
14837
14836
45290
20114
2011
85133
44748
251471
84510
24412
27851
27581
27580
6577
39602
29731
95652
783
18574
18570
18573
18579
15124
15125
15122
15123
15128
76030
59519
27583
59511
7155
7154
77924
26982
26983
33572
18758
76259
72208
30002
23298
8061
1379
40663
57917
134386
7488
26678
26679
26670
26676
26677
23003
23006
47244
23009
28063
28062
54116
22353
22352
100694
26512
26510
269841
188871
28609
4923
13582
130594
4692
4797
4790
4792
132735
89208
185299
13139
19679
13588
87892
150335
19003
32922
51311
4929
19004
32037
124087
64785
34296
79980
56327
11784
11785
6903
11781
11782
11783
25376
11789
110245
51177
262459
43658
23915
23917
23910
323387
82604
27207
120233
120235
68877
74525
25518
21984
21987
21989
21988
17364
98406
97714
293553
10323
2773
2774
16945
16943
16410
16940
9490
5164
7976
16949
9145
12255
236275
5167
298902
83588
20854
17090
17099
105314
9726
123508
102333
7525
20337
123505
21457
42987
46957
24134
24133
24132
21451
63514
14007
49278
63512
21458
847
84725
3463
37402
149707
8893
33386
315542
20581
41329
20585
211393
249962
133450
26869
26867
7153
26864
40052
108661
68667
1732
5237
13122
15806
41180
15803
15802
18755
78576
168577
171383
40275
18329
30370
1597
14319
28478
108402
33961
14312
27447
45975
20322
45973
20320
229060
62173
94432
59984
59992
83988
66923
66926
31523
31524
25825
136682
265284
5645
26167
111291
59189
29076
29070
40583
83186
23217
23214
23213
28293
136428
109756
27053
87400
109202
82163
27059
30009
483
482
481
30928
15373
30925
15374
6466
7742
50830
50783
95386
95381
50789
3922
3923
3920
23878
3926
19495
19498
82290
14919
161376
6729
6728
107923
115953
9938
9932
9930
73946
73947
9935
58380
32718
27145
94106
16770
58387
16773
16776
19273
97381
22162
6095
22168
22169
69252
100067
49344
2464
69258
25749
25748
24042
82836
21848
21844
50332
24834
21847
46722
46093
3673
3675
2542
216544
26091
11443
11445
11444
11449
57204
96658
196820
3582
3583
3584
98210
97520
200062
17138
58778
17420
38822
17424
130017
906
60433
4426
60435
128990
128992
113073
122041
58918
58912
58916
58914
112386
266797
246703
3558
146155
160186
44769
42644
168018
25124
85111
134716
134717
273
48029
99742
121466
19412
29248
27025
29246
12216
29244
39665
57976
18512
11860
163268
47069
112653
18517
18514
18515
8938
163267
78364
74131
15145
34274
34277
78140
48879
37678
1693
1690
1691
33594
37893
37894
137606
30028
30029
14226
30026
30023
39299
86625
44944
26658
24308
14767
24249
126165
24245
24244
126169
24241
24240
24243
24242
68507
1476
1475
28591
68859
28040
28594
73793
73791
22373
22371
61485
199931
199930
31197
4226
12463
6840
5586
5581
258790
24796
46274
139970
77055
44453
11275
126780
11273
11278
32941
23689
88795
79823
33645
25355
25356
25351
60225
25358
25689
69483
95547
25682
5307
76903
23972
23973
23970
23971
82629
22084
22089
27260
155494
27267
27264
65906
153409
60089
25535
69063
2283
2284
69064
60084
19684
19687
19681
19682
74508
19689
13448
139538
42434
311316
42344
42430
117125
193668
5971
97737
56619
30851
70089
9125
9126
6591
9129
53047
10302
10653
10628
6288
53039
35650
6597
6281
6598
188
20839
141292
53593
53260
113243
46970
49704
4326
63577
49703
49702
11258
56963
22969
22962
48258
2757
11255
13255
44530
201062
18071
10403
5213
58615
14155
14152
5219
18072
62484
90174
179100
13105
13106
18306
18657
18651
18650
37282
23707
78555
17931
17930
14378
17932
17934
3058
17936
33902
28451
364645
28453
28456
90211
87057
27469
27465
27466
20307
20301
20302
19006
40075
31678
27968
124430
44516
66900
66901
66674
66905
118532
106811
109597
106547
55854
55855
15688
142334
15683
29505
36017
356713
66013
28905
23761
23760
34486
6447
30905
34485
15353
15420
34480
15350
27076
15429
34488
27070
84669
11786
177412
59255
36549
92482
35025
221266
7727
32889
91822
32884
32555
3945
6709
115972
8324
8327
8326
8321
8320
166432
73960
9912
9915
119627
92739
24476
24474
24470
110091
187304
50105
35285
110094
61541
19210
19211
19216
19267
23099
13744
43757
13743
13741
26307
26304
93284
21822
3619
21820
44860
21825
5771
116998
56285
73218
114620
43134
114626
43139
99908
99909
24865
2567
2566
11421
11420
23544
11425
11426
5029
17115
117257
17112
17111
13351
13350
60412
13352
4445
4446
13356
13359
60148
235224
967
57484
265691
53909
46705
24817
24811
49063
101353
101350
24818
125636
80271
20150
134800
20152
41286
122062
21851
203790
44708
21678
42661
42889
49054
49399
125945
45031
87191
134738
27894
41067
59888
12609
156331
63143
198440
63146
71213
95610
71218
18538
53646
33759
54278
18531
33020
176612
34258
30598
30599
30595
34250
115362
34254
7112
29190
18797
18792
18799
49939
1679
21386
83026
30048
87466
168431
50378
28023
14740
14747
47931
14745
14744
19770
24266
94883
68529
164044
313067
12956
4208
4201
13916
13914
5563
111626
76299
34032
229213
79215
309
145885
35342
112268
172446
304
95824
145888
188660
114101
89249
32969
19048
32967
19043
22319
64970
25332
25336
25334
25335
25338
23404
104082
23403
23401
23958
105792
74743
23409
173067
82313
27247
27248
78897
191739
16183
32342
16181
42410
117101
139511
55406
74560
80645
80642
164756
149372
97757
6115
12747
12741
10923
10924
93838
281960
17325
7978
39879
63776
63777
7935
9459
57016
9456
95444
57012
9451
9453
33736
16988
21145
16982
16455
16986
21142
86811
86815
20810
18624
26119
18625
16539
85548
197934
22944
22946
49728
22940
22941
22943
21493
21360
21497
21364
49724
116277
79853
3422
17580
17581
211602
3424
102480
209075
14174
6961
14172
14173
12625
15904
18498
11988
12481
11982
54593
58631
8629
17092
6967
30751
60609
624
10583
36065
118283
10587
13164
18673
33921
108199
78539
18675
54731
37915
14359
18679
37912
62603
62602
62601
18972
17917
17916
17914
99465
20368
20362
20363
27400
34931
133414
11533
133411
44511
40018
85960
132544
47895
47544
226903
47541
148905
179787
12983
12982
103045
106561
67384
33937
29522
29525
29036
47769
440
47764
47767
6930
15400
59275
8129
15404
8126
6939
8123
8690
8693
7706
26754
7703
267923
39311
257768
39313
39312
66655
42985
66652
66653
31073
173180
373154
225902
19182
19180
131014
8347
21328
126880
28926
24459
24454
24450
156829
22434
22436
22437
22430
22431
65603
77407
77158
13764
86312
81477
4070
13762
13763
3966
32576
3965
333407
5798
11050
3635
75800
4163
262344
60388
11406
11405
88381
11408
51656
117594
19984
55570
117599
51659
56006
56004
116647
38865
17469
17468
17467
17461
133670
60168
60165
60160
4461
18884
218117
943
941
21801
24870
21803
24876
24877
24874
21808
80786
45581
48359
20179
20177
20174
20172
191076
31989
36188
16846
16847
44725
16849
6454
6324
46588
12171
12179
41003
59860
53658
53659
10119
95639
218580
10443
176632
63124
21778
63126
105474
54927
33004
26928
7131
7130
7135
7134
86553
37639
1652
68097
26695
26697
67248
26693
67246
83007
83000
40609
83003
28731
24202
24205
50350
29259
2832
14728
5405
28558
28009
3399
28005
14722
14725
28002
28001
28000
34230
296858
30201
94868
1383
38785
94863
68545
4260
13970
4262
13709
13977
13976
73753
77232
297739
26381
7869
18114
18112
18111
79584
5549
5542
5547
8599
8594
34583
130533
35368
110119
5892
5896
11236
87780
25917
25910
156711
22337
179653
25311
25312
130280
4913
140163
23428
23429
101580
17445
272552
115833
109031
9895
320
321
76982
74814
407608
42477
286369
286368
16612
286364
57627
16614
131224
22590
97778
6132
12761
6131
6136
12766
12765
6135
10948
16477
107567
9478
93899
57526
9475
24999
21169
21160
219968
14317
9203
18324
81649
64096
31372
24193
24192
49213
24194
24197
49210
24198
125510
85526
3400
22920
147928
3404
3407
3406
3408
22928
60591
116259
4878
41922
13498
2799
57030
13492
20779
167023
2797
13494
33490
33492
14111
33494
18477
18471
108605
163636
62992
51919
68395
68392
68391
19608
13140
60620
13145
20696
20697
175443
9781
113201
9785
9787
72823
18611
54715
33277
18615
18617
20436
34916
48165
20431
20348
9402
301493
83257
83258
379345
146253
40033
137137
40036
44060
47561
5116
47566
111981
15649
12964
15647
19910
15640
26822
7090
129675
7099
8070
174795
1359
1358
8101
468
79645
8102
8075
8109
6959
15398
206264
6950
6951
15463
15396
59290
26772
50722
50729
92445
86768
23864
114804
91869
8363
111457
39289
8366
88348
91865
107232
131037
180428
209615
28945
24431
22452
22101
22102
22108
22458
117791
61506
77172
26346
77179
11395
11394
11393
13702
13703
13707
11399
42840
19436
3985
19439
94218
97097
167700
60368
93427
23856
23858
27160
27162
16282
140570
220314
69364
69361
69360
141950
60483
25453
25450
36215
36217
36216
25458
74156
24858
24859
82500
42043
24851
24855
24856
134519
2475
64283
23742
75985
28292
23212
16868
42621
16864
74459
16861
30985
97236
6308
131185
12154
12155
12156
75451
6303
97239
10135
86767
63107
63104
63451
101825
9316
9315
40994
125189
9312
57995
18862
8954
112364
18866
21759
8951
21756
21751
41247
50757
84040
84042
26904
26905
40190
26908
125234
3215
7280
484
197599
98908
48085
48087
2815
248828
202150
44470
29954
564
14705
33681
18280
14700
24223
24221
24220
68560
28578
5425
5424
28576
30260
3217
115324
59599
31682
160798
31135
114328
13955
4242
28683
28685
18139
35001
67734
131930
21382
3574
188336
185211
66172
28226
51461
23194
23196
23625
93656
23621
15075
15073
48966
27757
20192
48960
156736
25934
16341
28615
7848
23996
23993
27285
27286
23449
262101
23443
23446
23445
71479
155241
39108
39109
58390
39100
58391
19375
297149
19370
16679
165910
51289
286309
12703
6154
6155
88150
6158
55900
223322
10967
10962
98485
10968
64708
26488
152079
25663
26480
26482
26484
69882
44044
21101
15520
46484
128581
6358
4836
77617
8305
26158
199059
201545
43508
2261
34347
43502
46265
7994
22908
52487
32930
22902
22904
75613
332346
4816
41902
4819
45685
9410
57050
23699
14139
231844
54559
19018
14132
11945
14134
70228
11940
11941
18063
254492
52732
70390
3158
36531
92133
128726
128727
84674
84675
112130
122818
34971
34976
48149
274748
48142
39744
216332
10095
10099
339620
304951
108957
163347
163346
169112
15668
12940
15664
7070
7071
37775
32714
18635
18633
37957
14393
52755
78060
6477
15915
8162
12493
8160
109288
15442
30749
6978
19272
26718
47509
20441
148940
148942
111303
8389
183717
111308
61690
189746
61346
100571
40414
40415
2131
216807
216800
4389
180198
4386
4385
25346
407
404
403
23299
92580
23297
28746
6096
23293
88910
22475
4030
4036
77110
69964
11370
55755
51075
297153
32535
19140
51071
281538
94239
94238
56596
221594
23871
23870
23877
23876
104477
27143
27142
51618
27147
27146
61521
155714
60125
153016
7530
25439
118030
36237
25121
25120
43996
36230
171891
80743
49518
99217
2454
93916
39913
46098
33479
39916
20471
16802
16803
16800
16806
24837
6362
98291
10400
36492
9337
46097
36949
10405
36495
53617
199557
53349
63472
18848
18849
14899
33047
21730
33043
14891
62878
41223
41226
45277
62871
13732
23882
86512
26966
26967
113437
26968
83591
4018
49407
14094
14093
98923
68760
1968
3237
76562
1617
1966
1961
59821
13263
45091
275402
78493
78499
78498
168328
3355
14272
28513
58332
3353
3352
302242
3358
94823
20067
20061
20060
20063
20062
94829
62251
30248
168841
34561
30247
31119
31118
31112
31110
31117
12798
29977
547
129736
170470
29979
89807
23607
66156
23602
23603
66404
66159
66158
212778
17319
27777
24100
2841
11448
6569
6568
134619
6567
15057
35144
35140
35142
129520
30980
25954
3326
23467
34636
86303
76988
8442
72405
117657
119142
7538
110154
221416
7537
92634
360
19357
55925
19355
19359
19358
19601
19603
99567
65184
16406
69577
10988
100722
100723
84805
7400
24604
201386
24603
24602
32932
24608
94766
24959
21123
38985
141214
38980
75984
51397
184608
31805
81603
81357
77632
58392
11585
75185
75186
16056
166916
190005
21381
6273
21385
94003
37204
79839
17297
17290
17291
130136
13458
102426
13457
13454
4832
4523
130138
13451
7992
7991
125881
9438
9439
11635
9430
62405
13337
58833
58834
5291
13184
60666
17749
20658
6998
17741
20650
112486
36550
22584
260256
260255
63860
80550
128706
4753
6996
20385
20387
20381
20388
8935
20479
8147
20473
8146
83928
216646
147394
194781
83925
18433
71607
71601
26732
30187
30184
41788
41786
7059
63311
7050
159882
7054
112110
112447
18386
112449
18383
78004
15933
15932
9111
15935
76510
8634
111143
30981
8630
66367
40783
92405
39377
31588
24381
50279
110818
147271
66368
31585
110815
375308
68935
47526
47832
183772
61886
66369
9999
50180
43894
178490
90061
9991
9993
9997
66092
14514
28230
14513
14510
126396
108201
9022
72655
62808
28723
28727
426
50772
80574
43201
50980
114513
201719
51055
19160
19163
17392
96321
51588
73296
14316
100800
235112
364644
23819
23818
19294
23811
23813
23814
23817
217516
27120
41999
25140
25142
25145
25144
25149
69320
60495
262664
74444
172483
80760
47309
74116
74118
118010
80768
128938
51210
52235
52239
6697
98052
98051
191016
30848
23343
2431
2434
16820
16822
16823
16824
19831
7833
166074
12112
97582
12117
6348
56060
44544
17199
52586
52585
141911
36962
21717
21719
121117
63417
102472
1806
8993
59304
59305
41201
45526
48331
4999
80948
113981
44696
86532
198198
37693
37691
14518
182148
15164
39489
98941
1941
1945
13243
37395
90726
29637
59804
70219
164590
38575
278141
3331
1493
5469
58316
20043
19955
48596
12482
133596
38766
360938
89715
29242
12519
32485
87628
321199
18510
116898
18511
29914
529
11864
23660
9641
1233
126720
136019
112650
118787
89822
66136
27710
27711
27717
27715
27144
15039
13568
15032
25979
15031
15036
97872
15035
31174
39492
13564
53242
163880
117631
117980
23488
23489
23487
3807
23480
23481
8460
24165
8464
155051
177269
92344
100128
7559
24591
384279
32701
7551
7556
19339
55278
16103
19622
19621
51930
19627
16106
16105
131243
87509
22281
22285
189021
22531
22533
13885
4175
120761
26449
64834
4173
86099
69519
13889
26440
19277
25628
14498
4071
65301
24978
65307
200365
46442
214369
24975
186805
38965
22753
10059
289456
14365
77656
43018
1
5925
53717
75651
17501
208285
13474
4506
13473
116767
27477
4509
70029
2088
2082
102400
52668
2084
11656
27955
17764
17768
99393
124409
17010
153200
36571
118202
146720
63003
46991
144698
46992
46223
94680
135322
42945
63884
85014
46229
85016
45756
20907
41415
20459
20908
70681
63083
39704
33430
11032
12301
11907
18419
11905
71372
54518
198505
18410
12908
15624
30161
12902
15621
9014
9015
113841
10236
9013
129385
24027
78023
21500
49853
9953
68484
112468
124483
37736
15959
15958
119313
15483
15953
15952
15955
95348
71888
14685
58760
34139
26652
164655
315543
14334
107008
211718
92319
291225
18996
40453
28253
11018
14534
14531
72853
17888
8616
14332
76536
34423
38154
72675
8619
8618
77486
11331
11330
375584
11334
11339
43224
25635
17906
170253
55063
55062
19104
19105
26662
5715
88853
103339
91552
103624
127601
145635
60309
107831
14769
35481
35483
120372
23345
23836
93483
25414
23833
23340
47103
23342
11485
11481
11480
27107
27106
27105
82940
28598
140513
32712
27109
14297
18734
65825
17494
16598
15622
128937
12685
12689
10824
10825
10821
10828
10829
148355
39957
57689
57688
23202
22853
242733
16378
21086
21087
21088
16377
32130
120311
19812
233099
86285
26277
26275
124870
60231
23758
159038
85486
9378
112416
9370
101882
9377
5409
21268
18342
49195
324265
138253
84026
2411
203738
4978
2414
82115
4977
4970
4971
2149
41885
48814
125296
15733
158636
14058
1927
58152
13937
41105
170810
315779
41089
169816
13228
199598
70768
36909
70765
167322
13227
14945
14944
18994
112873
14232
18991
108074
108075
71146
112879
18999
62742
5489
163536
5480
30570
143895
155848
20023
27504
36633
40130
40132
40138
83886
83555
15361
47489
18192
18193
197163
103106
162943
335296
79541
99619
29938
33782
40864
506
507
29425
29390
29937
630
632
635
23640
23137
23642
23647
59357
30397
6523
72199
30393
30391
6529
15019
27736
8263
95085
97819
77813
25996
79118
25993
25991
29640
31154
31150
32459
3867
34678
73576
9814
9817
95882
9812
18488
32545
66443
89591
35812
35810
35816
32547
12110
19466
65148
3930
22518
26468
61815
26462
64812
26467
26466
69820
28115
160949
159554
24644
98391
109829
65360
65491
205195
104988
92942
15432
89983
116567
38946
184644
37494
31845
5902
30877
5900
19314
19313
16166
19648
5909
93540
8212
78600
3483
17569
4560
4566
60515
274896
13419
11670
11671
11672
11674
24910
24913
181074
140707
104173
27932
45191
17788
45198
17781
25206
81939
99372
198746
113288
8135
53377
24020
6061
12093
107478
42217
42964
41439
20928
2602
20926
45770
2609
45997
95717
39725
65016
99112
50176
78222
7378
78224
7373
210469
12322
60673
33148
12324
11921
12328
54822
33415
64316
30148
102022
30143
30495
174712
9031
10251
10253
9039
49872
63358
21520
18695
37711
18696
37249
78593
19201
84345
21326
26601
149631
149630
29897
67180
755
24345
24346
2955
50235
1025
67654
108790
79175
50968
4360
4369
4368
18036
18033
89690
28278
28279
14558
3108
170017
3107
28276
28277
8676
34444
186691
38133
34448
15979
4090
171724
228537
50941
153885
5735
23586
23584
242493
89474
11313
23589
11310
195706
55049
19120
55046
51012
51013
51543
19126
19127
88878
32836
186524
51194
213655
25839
60989
130348
244893
27493
20444
28858
28859
23364
28856
101640
12524
61583
8093
12520
12523
12529
27268
296001
92685
113980
26941
22180
22181
22183
133795
22186
11147
18646
16578
19784
16575
166528
88255
12662
52898
100845
56537
27265
10801
63985
24505
18915
28309
65772
24500
21067
21064
16311
21063
21060
65779
184584
52095
52099
16206
2380
81586
2387
25539
86911
60080
128359
135615
21202
21200
21207
45563
1848
208321
8047
1841
68740
404747
2164
4950
4955
14031
168169
58177
14037
168161
17044
122686
17042
3295
3296
1905
17048
1900
13205
60722
13200
148484
57374
90762
90097
71128
14967
14965
37385
14969
18425
18202
33600
37382
18201
20557
20000
38726
62766
83574
83570
8566
43120
34877
251304
44165
80989
40110
84404
85809
15780
6892
26980
15788
42431
41600
17303
99634
35085
57808
8568
198268
1278
136500
169349
8249
59404
15564
97839
34383
30805
34385
30803
77872
26897
26894
29663
29665
29669
73805
15129
191355
62431
78781
31606
148869
129399
34657
34655
34652
34651
34650
91964
91965
72311
34658
39184
97517
98203
7599
15321
44836
9836
23110
22570
65168
22577
127145
53040
26404
26409
52955
4139
24660
4130
4133
4135
24669
187188
3843
17129
28139
58027
60153
75924
31865
35520
106334
89312
130482
404914
51209
5960
5966
51202
56762
56761
17238
17237
17543
130625
64546
13431
13436
11699
11697
105333
148255
82244
27313
27311
24935
46156
27319
20638
81911
124441
6287
69113
27911
27913
25221
43816
85589
26134
85585
117239
6042
6043
6046
42720
2623
320213
320216
176995
8606
20944
7352
9238
9587
34434
189
54803
12345
146186
53464
26726
102009
63374
9057
24068
21541
176597
33298
20123
49815
37262
222543
20490
41454
113246
22893
22890
39367
22897
22895
26791
44446
44448
146981
71590
24325
5438
202234
2974
62396
5365
1049
21300
30125
26624
76312
233666
31297
4309
40495
37843
14573
14575
63573
11058
291263
89676
89672
106786
38113
79332
207773
3123
17840
8659
26290
40334
15999
111126
50969
35738
35733
19546
114576
50960
31470
114571
12439
23569
5756
51562
165053
51568
51569
27679
22968
91595
27674
15199
15198
25811
25819
188076
188077
163904
23306
15227
213454
82740
76860
82743
87510
73142
7436
7437
73147
95290
39244
23668
16555
9313
6677
16089
36906
2326
2325
8284
100861
19850
16881
19854
19503
19856
19501
16338
32179
16889
21048
21049
184567
2368
26232
2360
21956
21954
21224
42398
17687
17686
208301
17682
1869
17688
4930
199624
13593
4935
4936
192639
57170
11732
18565
90566
43622
5117
59372
5111
14019
14018
49487
58119
5119
17063
17062
20795
281170
20793
60704
232325
102259
172044
57398
22208
10485
10487
14908
897
14901
14900
14905
54614
20574
20608
44142
44146
19252
1789
84421
1783
252794
59649
15768
15769
87687
15765
15763
15760
53552
163279
40392
59388
14803
18220
3804
178370
54246
178372
30820
33764
8226
252235
671
163271
15508
39473
18205
15506
117550
7607
29687
7601
47446
189935
8928
11825
131774
34107
34615
34109
34108
9850
243931
18203
63521
104070
108161
44851
101552
108168
11349
1524
113815
28338
1522
89887
28337
28336
333483
49405
22559
22558
22552
4116
31087
4110
26427
257012
14441
220731
31089
257015
4119
114298
96246
93338
24689
24688
24684
32876
17933
24682
54069
14442
28150
55439
92907
5159
73355
92904
17937
116526
93909
38903
28450
81681
320906
17022
23797
5945
11508
104316
93059
23798
103852
27084
61137
122528
65107
62158
61139
27088
27089
222471
60550
120472
69280
106224
130600
35691
25794
27468
25020
121871
128834
50041
75904
75900
75901
64410
27461
74366
25242
36081
36082
25241
25247
42253
42254
128780
163102
52426
17217
117185
97379
2640
10078
70622
70191
9219
19625
9210
18781
33104
22282
12368
45153
105267
227181
9070
123430
24046
49346
24043
21562
49348
21569
271267
98824
170979
20960
20961
20962
20963
133566
133567
44468
713
711
710
197724
58257
58256
66670
24303
24305
24307
5308
38687
79139
5303
5306
1066
40151
30458
13010
26444
232519
48570
31276
4325
199891
199893
54134
14595
14590
17868
17862
17866
17864
83307
67677
159855
183260
66813
185318
5779
51500
51504
23543
5773
5775
5776
59072
59071
27650
59078
109485
25878
18246
23893
23895
16340
126424
225754
65300
296731
109620
120775
72749
25895
10677
15247
39229
73169
7417
7418
76001
55375
55377
117024
55371
32993
16535
74193
5089
6613
88743
6614
10842
158199
10845
56574
23782
158191
180240
228798
60946
120312
110459
120310
69457
60943
60940
21020
21021
19527
19520
19522
22055
22052
22865
12193
12194
12197
26211
69634
26219
141373
43395
43933
25492
25491
21978
21790
21976
21971
79917
116884
1889
17665
42139
116888
4917
13577
4912
13570
11711
15354
26192
12433
11719
104508
32380
57151
6443
5172
5171
54458
6440
236289
27078
64061
136
134
17000
139
17002
94690
17007
5924
46123
117591
128312
128647
218406
9683
9685
128648
9687
46124
62724
15346
143835
143836
20510
20514
20517
32400
7250
44506
41136
39963
6859
84447
29440
95126
14927
14926
14925
14924
14923
112502
8802
14920
168381
8809
6583
30840
30841
6587
30847
8208
6584
8207
8204
8205
232708
76436
146825
146826
39416
171590
156485
34690
19111
86177
41947
44873
44874
9876
137419
67804
11156
11150
24514
24516
14439
24513
24512
652
21454
23150
3086
3080
32887
22203
22202
22201
22207
158056
206580
18916
86014
232853
3887
3886
28170
96228
72350
38321
72354
11204
100292
18042
11525
43099
35562
287167
32691
51240
32695
34422
127107
87948
8773
78321
407711
120453
43891
25003
25009
8777
73968
39084
98338
27356
27354
25265
25266
69151
85091
16277
19950
16272
16278
6002
243683
182479
56726
7644
52446
56729
113591
7391
36868
10057
10727
34483
49587
49584
6992
50103
49589
12388
12385
12380
64385
134632
45136
26002
141146
27564
46803
49362
200721
200720
42856
49368
21581
21580
21583
21582
29790
38527
17492
3578
22858
17491
52503
22857
22854
68150
22850
2661
20982
20980
44403
133501
18589
5327
33784
14607
112970
14601
20186
38668
20181
248912
79113
83495
13038
13034
13037
13030
13033
18057
18721
18720
18722
178120
31786
18059
78603
17806
132360
28786
20230
20231
20233
29787
29786
49327
29784
29783
23948
47981
47983
66830
118447
4989
27636
25855
25850
134547
59050
6285
29162
31250
77951
77953
34245
8567
15266
15264
12811
15262
12541
15004
12818
15269
15268
7478
51952
31435
50922
41871
19097
19723
16041
22690
22691
131451
12600
6630
12603
12604
26587
26588
126997
24722
126992
110926
180514
52306
19549
82693
65241
21004
21005
19545
119474
42686
13637
13633
4701
43403
86201
4708
64118
3760
21919
98473
3768
21916
17399
17398
41807
17391
17393
41809
116312
17397
30574
130276
2491
2490
13551
60297
58066
93331
101556
7899
96785
7897
7894
11772
18513
25721
52652
52123
52650
5150
5152
5157
60741
44728
64179
36459
36458
36457
36450
71378
49110
45674
33434
20531
48576
87319
62296
83803
20777
202971
202975
148793
42130
42136
8008
176499
287735
59600
15892
6837
15898
6839
41110
48793
48792
57867
29316
53523
29313
290016
8559
107689
18269
8821
8826
33667
18263
18265
30869
30644
12903
34361
8771
30312
30641
34365
8775
44097
7647
7645
17336
39432
243684
146803
17335
39436
26474
57777
157265
37149
319979
112788
37142
1745
1746
47053
9011
52055
26475
53603
5495
93863
35898
3304
28371
28370
28373
11170
28375
11175
359819
66192
6977
164170
76145
112866
58494
11930
287369
13829
13828
66992
114253
13824
24022
92554
24843
34144
8485
34140
259956
79490
