3922
3233
3926
3927
3925
3496
666
1261
3929
4024
4025
3659
1146
3787
3652
1147
3258
690
691
3122
2528
1549
543
3852
3851
3995
3280
3494
1463
3990
1317
997
996
7
2852
1794
1491
3331
3335
1497
3339
1069
1703
1705
529
2068
2096
2414
2061
923
1087
1082
596
3778
494
1922
274
277
2825
943
2601
2543
2542
3384
834
2548
3022
2386
2389
1016
1400
528
1011
2669
2441
2699
3319
109
2696
3799
106
104
21
4052
1728
1729
1840
37
2048
2261
1531
1530
434
2617
3809
337
2297
332
3168
2197
1907
3296
254
850
2205
2407
858
405
222
1032
1033
1035
2587
1359
1211
803
636
1437
638
639
467
545
1354
168
3729
932
164
95
94
3205
3688
2011
4076
2241
1456
1105
3962
1570
3931
2737
2639
748
554
2631
2739
552
3531
3530
239
3537
3939
2941
3938
2347
1810
1812
2229
1058
2225
3346
3347
2220
871
1
2034
3181
2747
2746
1755
1751
1174
141
612
1271
616
3867
3706
321
1881
2125
1979
121
947
3115
2081
2086
3112
1606
2539
3984
1572
686
2536
804
2713
3341
2961
1496
1302
2653
2222
2651
1784
2843
3435
130
137
2138
3328
491
1775
25
1830
20
1837
2846
1075
2154
288
939
2742
402
2153
1379
3187
283
285
284
934
1094
3836
3764
2031
1093
1155
1098
3560
1152
263
261
4034
3133
59
3562
3563
2552
1552
3038
1556
3034
2490
3241
3030
2995
3032
55
3843
3845
1410
826
3036
822
2477
2770
3649
1480
1486
3306
1489
398
84
1713
794
2781
1716
2782
897
4049
2079
2078
919
2177
2174
2071
1139
3817
3953
301
3819
304
778
3151
3157
240
3155
2834
1973
2830
1436
846
1435
3462
840
2576
1637
3504
849
1005
2250
2371
3460
3590
1340
2454
3361
1876
3469
174
2051
3699
2880
2057
2885
1639
2888
1500
2
2110
2620
759
758
3874
3877
1919
4065
2180
3075
2184
1818
2951
3528
3176
3885
1026
3883
1186
1184
2218
1029
3442
2022
2128
1744
3272
2357
3905
372
887
2432
1207
1836
1203
4016
1896
3733
3304
1892
1893
4009
2134
1078
1680
3428
1613
957
2579
3971
1446
354
1115
327
324
1440
1291
2503
1297
2500
2725
3608
2875
3476
3626
1573
3055
483
482
3050
1043
3987
1802
2339
1808
473
3194
1684
474
2009
1766
