2031
4026
1869
4024
4025
4022
4023
4020
4021
854
4028
4029
344
345
347
340
341
342
3998
3997
3996
3995
3994
3993
349
3990
1511
2318
2319
2316
2317
2314
2315
2312
2310
2311
298
296
297
294
295
292
293
291
3773
3772
3771
3770
3777
3776
3775
3774
3778
270
271
272
273
274
275
276
277
278
279
3211
581
2268
2269
2262
2263
2260
2261
2266
2267
2264
2442
2443
2441
2446
2447
2444
2445
2448
2449
2189
108
109
102
101
106
107
104
105
2046
2047
2044
2045
2042
2043
2040
2041
3198
1297
2048
2839
2838
3519
3518
3513
3512
3511
3510
3515
3514
2688
2689
2684
2685
2686
2687
2680
2681
2682
2683
3999
1437
645
343
1434
99
98
1435
91
90
93
92
95
94
97
3394
3207
3206
1621
1992
1627
1626
3201
3200
1999
1998
1629
1628
3209
3208
3398
2860
2862
2863
2864
558
2866
2867
2868
554
557
556
551
553
552
1199
1198
3348
3349
1191
3343
3340
1192
3346
3347
3344
1196
1759
1758
1757
1756
1755
1754
1753
1752
1751
1750
1177
1176
1175
1174
1173
1172
1171
1170
1179
1178
1007
1006
513
644
1285
1287
1286
1281
1280
1283
1282
515
1289
1288
1579
1578
689
688
3431
685
1572
1571
1000
681
680
683
682
1227
1226
3434
1240
1225
3435
1224
627
1222
2037
1221
2036
1243
1220
2035
1371
406
1373
1372
1375
402
401
1376
1379
1378
1342
409
408
3834
3835
3836
3837
3830
3831
3832
2030
3838
3839
1345
4031
4030
4033
4032
4035
4034
4037
4036
4039
4038
1347
379
378
647
371
372
375
374
377
376
1987
393
391
390
396
395
394
399
398
2309
2301
2300
2303
2302
2305
2304
2307
2306
898
3748
3749
3746
3747
3744
3745
3742
3743
3740
3741
245
244
247
246
241
240
243
242
248
2275
2274
2277
2276
2271
2270
2273
2272
2279
2278
2459
2458
723
2455
2454
2457
2456
2451
2450
2453
2452
179
178
177
176
175
174
173
172
170
3698
2050
2053
2052
2055
2054
2057
2056
3690
3691
3692
3693
3694
3695
3696
1501
3596
1506
2968
1507
1367
1504
651
3526
3527
3524
3525
3522
3523
3520
3521
3528
3529
3086
3080
1977
2699
2698
2697
2696
2695
2694
2693
2692
2691
2690
1974
1973
3220
1971
1970
1362
3232
3233
3230
3231
1968
3237
3234
1619
1964
1965
3238
3239
1612
1613
1962
1611
1363
2873
2871
2870
2877
2876
2875
2879
3355
3354
3357
3356
3351
3350
3353
3352
3359
3358
3953
1768
1769
1361
1762
1763
1761
1766
1767
1764
1765
1142
2965
1146
1147
1144
2964
1148
1149
2966
336
692
1547
690
691
1542
1543
1540
695
698
699
1548
1549
542
543
540
541
546
544
545
1643
548
549
760
761
1784
1785
764
765
9
414
415
416
417
1388
1389
412
1384
1385
1387
1380
419
1382
1383
3827
3826
3825
3824
3823
3822
3821
3820
2769
3829
3828
3042
3588
368
2762
366
367
364
365
362
363
360
361
381
383
384
385
386
387
388
389
3751
3750
3753
3752
3755
3754
3756
2190
2191
2192
2193
2194
2195
2196
2197
2198
2199
250
251
256
254
255
2200
2201
2202
2203
2204
2205
2206
2208
2209
3210
2428
2429
2420
2421
2422
2423
2425
2426
901
168
169
164
165
166
167
160
161
163
3689
3688
3683
3681
3680
3687
3686
3685
3684
2796
2518
2519
1980
2514
2515
2516
2517
2510
2511
2512
2513
2734
2735
2736
2737
2730
2731
2732
2733
2738
2739
2797
3531
3530
3533
3532
3535
3534
3537
3536
3539
3538
1091
1814
1816
1817
1810
1811
1812
1813
1818
1819
1098
1099
1609
1608
3228
1979
1978
1601
3224
3227
1602
1605
1972
3223
1606
809
808
803
802
801
800
807
806
805
804
2848
2849
2846
2847
2844
2845
2842
2843
2840
2841
3320
3322
3323
3325
3326
3327
3328
3329
1775
1774
1776
1771
1773
1772
1779
1778
321
2806
326
327
1551
1159
1158
1550
1155
1154
1157
1156
1151
1150
1153
1152
2807
59
58
2998
2999
1553
1552
1555
3039
1557
1556
55
54
3036
3037
51
2995
3032
52
537
2990
535
534
533
532
531
1558
2992
539
538
1976
3030
3541
3294
2996
3295
2997
3296
1975
3297
536
1902
3291
429
428
1900
1399
1398
1397
420
1395
1394
425
1392
427
1390
3812
3813
3810
3811
3816
3817
3814
3815
530
3450
857
3627
850
302
3457
3454
3455
2183
2181
2180
229
2184
227
225
224
223
222
221
220
2213
2212
2210
2217
2216
2215
2214
2218
3375
151
2439
152
155
154
157
156
2433
2432
2431
2430
2437
2436
2435
2434
2509
2508
2507
2505
2504
2503
2502
2501
2500
2727
2725
2724
2723
2722
2721
2720
2729
2728
280
1807
1806
3780
3781
1803
1802
3784
3785
3788
1809
1808
3089
3088
3258
3259
1948
1949
1525
1942
3251
3252
3253
1946
1947
3256
3257
818
819
1255
810
811
812
814
815
816
1521
2859
2858
1522
1990
2851
2850
2853
2852
2855
3205
2857
2856
1490
3332
3331
3204
3337
3336
3335
3334
1498
3203
3339
3338
3202
1700
1701
1702
1703
1704
1997
1706
1393
1624
424
1391
3658
1128
2834
1120
1121
1122
1123
1125
1126
2989
2988
3029
3028
3027
2982
2981
3024
3023
3022
2985
2984
524
525
526
527
1018
521
522
523
1014
1015
1016
1017
528
1011
1012
1013
1234
1235
1236
1237
1230
1231
1232
1233
1238
1239
3956
306
307
438
439
436
437
434
435
432
430
431
3809
3808
3805
3804
3807
3806
3801
3803
3802
559
2481
2865
555
2869
49
2247
1961
314
3160
3065
994
3064
2466
3161
2467
238
239
234
235
236
237
230
231
233
2944
993
2229
2226
2227
2224
2225
2222
2223
2220
2221
1
1603
146
147
144
145
142
143
140
141
148
149
120
2088
2089
3400
2082
2083
2080
2081
2086
122
2084
2085
1537
3342
2538
2539
1190
2532
2533
2530
2531
2536
2537
2534
2535
2712
2713
2710
2711
2716
2714
2715
1195
2718
2719
1194
128
1197
3408
1832
1830
1831
1836
3798
1834
1835
3797
1839
3791
3790
3793
2154
2155
2156
2405
2402
2151
2400
2153
933
932
931
930
2158
936
2408
934
2829
471
1955
1954
1957
1956
1951
1950
1953
1952
2673
1959
1958
3249
3248
3096
3241
3240
3244
228
829
828
825
824
827
826
821
820
823
822
3097
1481
1480
1487
1486
1485
3309
3306
3307
3304
3305
3302
3303
3300
3301
797
928
795
794
793
792
1715
1714
1719
1718
2413
798
612
2799
613
2415
610
2414
1139
1138
2141
1133
1132
1131
1130
1137
1136
1135
1275
2419
1276
2418
4066
1277
3018
3019
1994
3012
3013
3010
3011
3016
3014
3015
519
926
1009
1008
511
510
1005
512
1003
514
1001
516
623
622
621
620
1223
626
625
624
629
628
1229
1228
1535
2882
2883
2880
2886
2887
2884
2885
2888
2889
2
3664
3878
3879
3870
3871
3872
3873
3874
3875
3876
3877
11
10
13
12
15
14
17
16
19
18
3274
1923
3272
3904
3905
3906
3907
3900
3902
3903
3271
3908
3909
3193
1471
201
200
203
202
205
207
206
209
208
3476
1352
1573
3477
684
687
2239
2238
686
834
2231
2230
2233
2232
2235
2234
2236
1575
2185
3498
3499
3496
3497
3494
3495
3492
3493
3490
2095
2094
2097
2096
2091
3659
2093
2092
3654
3655
3656
2098
3652
3653
2525
2524
2527
2526
2521
2520
2523
2522
2529
2528
2709
2708
2704
2707
2706
2700
2703
1829
1828
1825
1824
1826
1821
1820
1823
2411
929
2145
2144
2143
2142
2417
2416
920
921
922
923
924
925
2149
927
3950
1920
1921
1922
3275
1924
3273
3270
1927
1929
475
3278
832
3475
830
831
3470
3471
3472
3473
838
839
3479
3
3319
3318
2594
3311
3310
3313
3312
3315
3314
3317
3316
784
785
786
787
780
781
782
1729
1726
1727
1724
1725
788
1723
1720
1721
2034
1984
153
61
3007
2438
64
3000
66
3002
68
69
3009
3008
407
1588
1589
1370
1582
1583
1580
1581
1586
405
1584
159
1038
1039
508
509
1032
1033
1030
505
1036
1037
500
1374
1212
1213
632
1211
634
1217
1214
637
638
639
1218
400
465
2899
2898
2895
2894
2897
783
2891
2890
2893
2892
1454
1107
1104
1105
1102
1451
1100
1101
1458
1459
1108
1570
4080
4081
3869
4083
4084
4085
4087
3863
3862
3861
3860
3867
3866
3865
789
3737
3736
1577
3734
3733
3732
1892
1576
320
3917
3916
3915
3913
3912
3911
3910
3147
3919
461
2794
2285
216
217
214
215
213
210
211
218
219
578
3094
957
2139
462
4
3073
3489
3488
981
3481
3480
3483
3482
3485
3484
3487
3486
325
3649
3648
3646
3645
3644
3643
3642
3640
2550
2551
2552
2553
2554
2555
2556
2557
2558
2559
3595
62
2396
2397
2394
63
2392
2393
2390
2391
3001
2398
2399
2778
2779
640
3003
2770
2771
2772
67
2774
2775
2776
3166
2803
312
1858
1859
3165
1850
1851
1852
1853
1854
1855
1857
2172
2173
2170
2171
2176
2177
2174
2175
915
914
917
916
911
913
912
2604
2605
2606
2607
2600
2601
2608
2609
3261
1932
3263
3262
1937
1936
3267
1934
3269
3268
1939
1938
458
3369
3467
3466
845
844
843
3462
3461
3460
1090
1426
3469
3468
2406
3367
3361
1739
1738
1731
1730
1733
1732
1735
1734
1737
1736
732
753
3782
751
750
757
756
754
759
758
1805
1595
3071
3072
1804
1591
3075
1593
507
2954
3079
2956
2957
2950
1598
2952
3787
1025
1024
1027
1031
1021
1020
1023
1022
502
1029
503
501
605
630
607
1209
600
603
631
1205
1204
1207
1206
1201
1200
1203
1202
633
1216
935
468
3108
3109
3104
3105
3106
1215
3100
3101
3102
3103
1111
1110
1445
1112
1115
1114
1441
1116
1351
1449
1448
1219
78
2401
460
463
488
487
486
485
1354
483
482
481
480
3922
3923
3920
3921
3926
3927
3924
3925
3952
3928
3929
124
3992
3856
3857
3854
3855
3852
3853
3971
3851
1801
992
3858
3859
4012
3004
456
2896
199
198
2289
195
197
191
190
193
192
3678
3679
3672
3670
3671
3676
3677
3674
3675
2543
2542
2541
2540
2547
2546
2545
2544
2549
2548
1456
2381
2380
2383
1457
2385
2384
2387
2386
2389
2388
1103
3580
3581
3582
2768
3585
3586
3587
2763
3589
2761
2760
2767
2766
2764
902
903
900
1848
906
907
904
905
1843
1842
908
1840
1847
1846
1845
3250
2169
2168
1943
2165
2167
2166
2161
2160
2163
2162
2617
2616
2615
1941
2613
2612
2611
2610
3254
4082
2619
2618
3298
1944
1908
1909
1906
1907
1904
1905
3290
1903
3292
1901
3452
3453
856
3451
3456
851
852
853
3459
858
859
3293
1186
6
641
3864
1554
740
741
742
743
744
746
747
748
749
3063
3062
3060
3067
3066
2949
2948
2947
2945
3068
2943
2942
2941
2940
1051
1052
1053
1054
2916
1056
1057
1058
1059
2917
1696
1697
1695
1693
1690
1691
715
1698
1699
1278
1279
618
619
1270
1271
1272
611
616
617
614
615
711
2596
710
3333
2377
3119
3118
3117
3116
3115
3114
3113
3112
3111
3110
1472
1473
1470
3330
1476
1474
1475
1494
1478
1479
1495
1304
1305
1306
1307
1301
1302
1303
1497
1308
1309
3308
2597
498
499
1499
494
495
496
497
490
491
492
493
24
25
26
27
20
21
22
23
28
29
3939
3938
3935
3934
3937
3936
3931
3930
3933
3932
3265
1705
3841
3840
3843
3842
3845
3844
3847
3846
3849
3848
1600
4045
4046
4047
4040
4041
4043
4048
4049
7
3982
2288
2051
3667
3666
3661
3660
3663
3662
2281
2282
2283
3669
3668
2286
2287
2578
2579
2576
2577
2574
2575
2572
2573
2571
2059
2395
2378
2379
2058
2374
2375
601
1604
2370
2371
2372
3593
2595
3591
3590
2590
2591
2592
3594
3599
3598
2598
2599
1876
1877
1874
1875
1873
1870
1871
1083
1878
1879
976
975
974
973
972
971
970
1080
979
978
2118
2119
180
181
186
187
184
185
2110
2111
188
189
2114
2115
2116
2117
2622
2623
2620
2621
2626
2627
2624
2625
2628
2629
1919
1918
3289
3288
1911
3286
3285
1912
1915
1914
3281
1916
869
1728
2113
3449
3448
3445
860
863
3446
3441
3440
3443
3442
2756
2757
2026
2755
2752
2753
2750
2023
3144
2028
2029
2758
2759
883
882
881
880
887
885
884
889
888
3149
4014
3970
3729
2460
353
3989
775
774
777
776
771
773
772
779
778
77
76
75
74
73
72
3058
70
3056
3057
2970
3055
3052
3053
2974
3051
1043
1041
1040
1047
1045
1044
1048
1681
1680
1682
1685
1684
1687
1686
1689
3983
3025
1269
1268
669
668
667
2987
665
664
663
662
1265
1264
3287
1722
1910
3095
3020
1913
3128
3129
3122
3283
3120
3121
3126
3127
3124
3282
421
1469
1468
3977
1465
1464
1467
3280
1461
1460
1463
1019
1317
1316
1315
1314
1313
1312
1311
868
3276
1319
1318
3277
1010
529
861
3444
3948
862
3940
3941
3942
310
3944
316
315
864
3299
867
866
2024
3402
2025
2027
1334
1981
2020
2021
1336
2022
1330
2320
1333
444
4057
4056
4054
4052
4050
4059
4058
2461
3610
3611
2299
2298
3614
3615
3616
3617
3618
2292
2290
2297
2296
2294
404
2569
2568
2140
288
2561
2560
2562
2565
1615
2567
2369
2368
2367
2366
2365
2364
2363
2362
2361
2360
2587
2586
2585
2584
2583
2582
2581
865
2589
1861
1860
1863
1862
3728
1864
1867
1866
3724
3725
3726
3727
3720
3721
3722
3723
964
965
966
967
960
962
963
968
969
1532
2109
2108
2102
2101
286
2107
2106
2105
2104
2639
2638
2635
2634
2637
2636
2631
2630
2633
2632
3765
3438
1241
636
878
879
3430
877
874
875
872
873
3436
871
2741
2740
2743
2742
2745
2032
2747
2746
2749
2748
2039
2038
890
891
892
893
894
895
897
909
899
646
3651
1249
3236
1969
3544
3545
3546
3547
3540
1618
3542
3543
3235
3549
1616
422
2614
1617
1614
3069
1788
1789
768
1967
2961
2960
2963
1780
1960
1782
1783
766
767
1786
1787
3049
3048
1610
3041
3040
3043
1963
3045
3044
3047
3046
1078
1079
1076
1077
1074
1075
1072
1073
1070
1071
1678
1679
1674
1675
1676
1671
1672
1673
1094
1096
1097
678
679
1092
1093
674
675
676
677
670
671
672
673
3135
3134
3137
3136
3131
3130
3133
3132
3138
1533
855
1622
1418
1419
1410
1411
1412
1413
1414
1415
1416
1417
1322
1323
1321
1326
1327
1324
1325
1329
2494
5
1531
1917
1620
1524
1257
1254
1527
1520
1253
1250
1251
1528
1529
1258
1259
308
309
3959
3958
300
301
3951
303
304
305
3955
3954
2978
2979
1625
3059
988
2972
2474
2973
3341
4062
4063
4060
4061
1966
4064
4065
4068
2977
3050
2975
980
3603
3602
3601
3600
3607
3606
3605
3604
3609
3608
3413
984
470
114
2358
2359
2352
2353
2350
2351
2356
2357
2354
2355
2991
112
1898
1899
3739
3738
1894
1895
3735
1897
1890
1891
3731
3730
2136
2137
2134
2135
2132
2133
2130
2131
950
953
952
955
954
2138
956
477
2648
2649
2993
2640
2641
2642
2643
2644
2645
2647
474
2994
3428
3423
3421
3420
3427
3426
3425
3424
2002
2003
2000
2001
2006
2007
2004
2005
2009
506
1143
1544
3557
3556
3555
3554
3553
3551
3550
3559
3558
1263
666
717
919
504
1261
918
2910
2911
2912
1260
2914
2915
719
718
2918
2919
1791
714
1797
712
1795
1794
716
660
2178
1069
1068
2179
1061
1060
1063
1062
1065
1064
1067
1066
1669
1668
1667
1666
1665
1664
1663
1660
1087
1086
593
592
595
594
1081
596
599
598
1089
1088
3140
3141
3142
3143
2828
3145
3146
1709
2824
2825
2826
2827
2821
2822
2823
3386
3387
3384
3385
3382
3383
3381
3388
3021
1409
1408
1403
1402
1400
1407
1406
1405
1404
1546
449
448
1339
1338
1491
693
443
442
1337
440
447
446
445
1332
65
1545
696
1933
39
38
3260
33
32
31
30
37
36
35
34
3092
1536
3090
1242
1245
1244
1247
1530
649
648
3098
3099
1539
1538
1493
339
338
335
334
337
3266
331
333
332
1633
3125
2127
3898
3899
2980
3893
3890
3891
3896
3897
3894
3895
847
846
3465
3464
1085
8
3463
3631
1496
1466
4079
4078
4075
4074
4077
4076
4071
4070
4073
4072
3966
3967
3964
1636
3962
3963
3960
3961
1462
3968
3969
2854
3639
3636
3637
3634
3635
3632
3633
3630
840
849
137
848
2345
2344
2347
2346
2341
3054
2343
2342
3197
1310
2349
2348
2469
1455
1350
2067
3708
1888
1887
3703
1885
1884
3706
1882
3704
1880
2121
2120
2123
2125
2124
948
2126
946
947
944
1084
942
943
940
3038
2564
569
1594
2410
2659
2658
642
565
2653
1450
2651
2650
2657
2656
2655
2654
3416
3417
3414
130
3412
136
135
3411
1931
139
138
3418
3419
2019
2018
1930
2015
2014
2016
2011
2013
2012
1452
3965
158
183
3562
3563
3560
3561
3566
3567
3564
3565
3034
3569
2903
2902
2901
2900
2906
2905
2904
704
705
706
2908
700
701
703
1935
88
89
82
83
86
87
84
85
1256
762
1658
1659
2487
1652
410
1650
1651
1656
1657
1654
1655
586
587
584
585
763
583
580
1631
1632
588
589
3153
3151
1985
3157
3156
3155
3154
2836
3159
3158
2833
2832
2831
1635
1436
3390
3393
3392
1432
1433
1430
1431
3399
418
1637
1438
1439
1349
1299
3284
1541
1348
459
450
451
452
1343
454
455
1267
457
3702
318
1082
1453
2157
517
3701
79
3368
1883
1266
3707
1502
657
1500
655
652
653
650
1505
3085
1508
1509
3081
311
3083
3082
1886
3943
833
3945
3946
3947
3885
3884
3887
3886
3881
3880
3883
949
3888
2129
2128
752
1292
4008
4009
57
4000
4001
4002
4003
4004
4005
4006
4007
322
323
3973
3597
3975
3974
324
3976
3979
3978
328
329
3629
3628
3621
3620
3622
3625
3624
1340
3626
1881
2331
2332
2333
2334
2335
2336
2337
2338
2339
1341
1597
1596
1995
2958
835
1590
3715
3714
3717
3716
3711
3710
3713
3712
1592
3719
3718
3078
2955
53
2488
2489
2486
1599
2484
2485
2482
2483
2951
2248
2249
2652
2244
2245
2246
2953
2241
2243
2464
2465
997
996
991
990
2462
2463
369
999
998
3401
121
3403
123
3405
126
3409
129
133
520
1188
132
2773
1189
131
2068
2069
2798
3415
3376
2792
2061
2790
2063
2064
2065
2066
2795
1346
3374
1182
134
3255
1180
3370
1134
3579
3578
3575
3574
3576
3571
3570
3573
3572
2666
2667
2664
2665
2662
2660
2661
1748
2668
2669
2938
2936
2934
2935
2932
2933
2930
2931
1559
3799
1837
1645
1644
1647
1646
1641
1640
3264
1642
1396
1648
729
1838
579
3796
604
573
572
571
570
577
576
575
574
2808
3168
3169
2802
3167
3164
2801
3162
3163
2804
2805
1421
1420
1425
1424
1427
2407
3364
3365
3366
602
3360
939
3362
3363
731
730
938
734
737
736
739
2150
2403
1359
1358
469
2152
1353
464
467
466
1357
1356
1355
608
1273
937
2159
1519
1518
1515
1514
1517
1516
1274
1510
1513
1512
959
3395
1004
958
1798
348
3184
3185
3186
3187
3180
3181
3182
3183
3188
3189
1896
3397
582
4018
2112
4013
3783
4010
4017
4016
4015
3396
357
356
354
3988
352
351
350
3984
3985
3986
3987
3980
3981
359
358
3107
3612
43
3613
2323
1447
2321
2793
2327
2326
2325
2324
2329
2328
1113
484
289
2293
1444
1793
1443
283
282
285
284
287
1442
3760
3761
3762
3763
3764
1117
3767
3768
3769
1440
263
262
261
260
267
264
269
268
1290
2499
2498
1563
1893
3225
2491
2490
2493
2492
2495
258
2497
2496
259
1566
2258
2257
2256
2255
1567
2253
2252
2251
2250
2477
2475
989
2473
2472
2471
2470
982
983
2830
3819
986
987
2479
2478
115
252
1790
116
111
1293
253
119
118
3432
2785
2784
2787
2786
2781
2780
2783
2782
2789
2788
2079
2078
2073
2072
2071
2070
2077
2076
2075
2074
1796
1035
3221
3508
3509
1026
3500
3501
3502
3503
3504
3505
3506
3507
2671
2670
2060
2675
2674
2677
1446
2679
2678
2929
2928
4027
2921
2920
2923
2922
2925
2924
2927
2926
1252
3214
3215
3216
3217
1982
1983
3212
3213
1638
1639
3218
3219
1988
1989
1781
3222
568
2814
2817
2816
2811
2810
2812
560
561
562
563
2818
566
567
3171
3170
3172
3175
3174
3177
3176
659
3379
3378
3377
1187
1184
1185
3373
3372
3371
1181
726
727
724
725
722
1749
720
1744
1745
1746
1747
1740
1741
728
1743
1164
1165
1166
1167
1160
1161
1162
1163
1623
1484
1168
1169
1489
1366
2913
1488
48
3196
46
47
44
45
42
3195
41
1568
1298
1365
1560
1561
1562
1291
1296
1565
1294
1295
1713
3191
796
591
2033
1711
1381
1716
791
590
790
472
473
1364
3194
476
3192
1360
3190
1865
478
479
3699
1368
1369
