199
669
668
666
665
664
768
660
90
93
692
691
697
694
695
95
699
344
345
541
341
342
343
8
549
348
522
719
718
717
716
715
714
71
120
651
126
127
736
415
416
298
413
296
294
295
418
293
291
591
590
593
592
595
198
596
195
598
197
196
191
190
315
192
270
271
275
276
277
278
279
138
524
525
526
520
521
368
366
367
364
365
528
529
361
448
443
442
440
447
446
445
444
381
383
384
103
101
105
39
38
31
30
36
177
641
640
642
645
644
438
646
436
434
432
433
431
605
578
339
338
335
334
571
570
330
333
332
60
61
62
259
64
65
117
389
252
69
250
251
256
257
745
289
543
156
555
732
735
508
6
738
502
503
500
630
631
632
634
544
636
465
460
463
462
168
165
166
167
160
161
162
96
314
742
559
558
746
747
748
554
557
556
550
552
239
234
236
232
395
1
146
144
619
142
647
140
141
670
614
149
255
649
512
355
689
688
685
687
683
682
216
623
214
769
213
210
211
763
760
767
218
765
133
132
131
130
498
499
494
495
497
490
25
26
27
20
21
323
407
406
404
400
280
283
285
287
286
628
678
679
676
677
136
671
672
576
263
261
260
267
266
265
268
59
58
57
56
53
52
379
378
535
63
532
530
371
373
375
377
538
709
705
707
700
701
393
114
88
145
396
113
253
82
83
81
86
118
84
85
537
429
534
171
421
420
423
422
425
424
607
308
587
584
582
301
302
304
305
307
245
244
247
241
243
242
615
249
248
419
519
539
511
510
601
376
515
514
517
516
458
459
621
620
89
626
625
624
452
453
454
455
457
179
574
176
175
174
589
170
203
183
180
309
656
657
654
2
186
653
650
312
652
188
78
658
187
310
737
755
754
560
561
759
563
565
567
229
228
226
224
223
220
12
15
14
16
18
391
726
724
390
722
720
659
728
151
604
153
152
155
154
603
602
158
609
116
750
469
756
48
49
79
47
45
42
43
41
322
638
320
321
5
325
353
328
562
352
200
730
202
205
209
208
77
72
489
70
487
486
484
483
482
481
480
319
472
473
476
477
479
