344
346
347
340
342
343
2918
348
349
2318
2319
2317
2315
2312
2313
2310
2311
298
299
297
294
295
292
293
290
291
270
271
272
273
274
275
278
738
2268
2262
2263
2260
2261
2266
2267
2264
2265
2442
2441
2446
2447
2444
2445
2448
2189
108
109
102
103
100
2047
2044
2045
2042
2040
2041
2048
2049
2688
2684
2686
2687
2680
2681
2682
2683
99
98
90
93
92
95
94
97
96
1991
1990
1621
1620
1627
1626
1997
1624
1998
1629
1628
2860
2861
2862
2863
2864
2865
2866
2867
555
554
557
551
550
553
552
1198
1190
1193
1192
1195
1197
1196
1759
1758
1757
1756
1755
1754
1753
1752
1751
1750
1177
1174
1173
1172
1171
1170
1178
511
1006
1005
1285
1284
1287
1286
1280
1283
515
1289
1288
1579
689
688
1573
684
687
1570
681
680
1575
682
623
1226
1223
626
2037
1221
2036
624
2035
1371
1370
405
1372
1375
1374
1377
400
1379
1378
1342
409
408
1343
2747
1242
2030
455
456
457
379
378
370
373
2038
375
374
377
376
1244
393
392
391
390
396
394
399
398
2309
1247
2301
2300
2303
2302
2304
2307
2306
245
244
247
246
241
243
242
249
248
2275
2274
2276
2271
2270
2273
2272
2279
2278
2337
2459
2458
2455
2454
2457
2450
2453
179
178
177
176
175
174
173
172
171
2051
2052
2054
2057
2056
2058
1501
652
653
1504
1505
2699
2698
2697
2696
2693
2692
2691
2690
1602
1973
1604
1606
1968
1969
1619
1616
1617
1614
1967
1612
1613
1962
1963
2873
2872
2871
2870
2877
2875
2874
2879
2878
1768
1762
1763
1761
1766
1767
1764
1765
1142
2965
1140
1141
1146
1144
1145
1148
1149
768
2966
692
693
690
691
1542
1543
1540
695
699
1549
542
1780
541
546
547
544
548
549
1782
761
1982
1785
1786
1787
414
415
416
417
1388
1389
412
413
1386
1387
1380
419
1382
1383
3042
368
369
366
367
364
365
362
363
360
361
380
381
383
384
385
386
388
389
2191
258
2193
2195
2196
2197
2198
2199
250
251
256
257
254
2200
2202
2203
2206
2208
2209
2428
2429
2420
2421
2422
2423
2425
2426
2427
1848
168
169
165
160
161
162
163
2518
2519
2514
2515
2516
2517
2510
2511
2512
2734
2735
2736
2737
2730
2732
2738
2739
2797
678
1091
1814
1815
1816
1817
1810
1812
1813
1818
1819
671
1609
1608
1979
1978
1976
1975
1974
1605
1972
1971
1970
809
808
803
802
807
806
805
804
2848
2849
2846
1849
2845
2842
2843
2840
909
1775
1774
1777
1776
1771
1773
1772
1779
1778
2998
1158
2999
1157
1156
1151
1150
1153
1152
1555
58
1551
1550
1553
1552
3038
1554
1557
55
1558
57
56
51
50
3032
3033
2990
534
532
531
54
2992
539
3037
2994
3031
53
2997
536
429
428
1399
1398
421
1396
1395
1394
425
424
427
1390
530
1420
2182
2180
2187
2186
229
2184
227
226
225
2188
223
221
2213
2211
2210
2217
2216
2215
2214
2219
2218
151
150
2439
2438
155
154
157
156
2433
158
2430
2437
2435
2434
2509
2508
2507
2506
2505
2504
2503
2501
2727
2726
2725
2724
2723
2721
2729
2728
1807
1806
1805
1804
1803
1802
1800
1808
1524
1949
1257
1943
1941
1947
1944
1945
818
1255
810
811
812
813
814
815
817
2859
1623
1622
2851
2853
2852
2855
2854
2857
2856
1490
1491
1492
1493
1494
1495
1496
1497
1498
1700
1701
1702
1704
1705
1708
1709
1996
426
1128
1129
1121
1122
1125
1126
1127
2989
2988
3029
2983
2982
2981
3024
3023
3022
3021
3020
524
525
526
527
1018
1019
523
1014
1015
1016
1017
1010
529
1012
1013
1234
1235
1236
1237
1230
1232
1238
1239
438
2487
436
437
434
435
432
433
430
473
558
2868
2869
1162
1961
3065
994
239
234
236
237
230
231
232
233
3068
998
2229
2226
2227
2224
2225
2222
2223
2220
2221
1
146
147
144
145
142
140
141
999
148
149
2088
2089
2082
2081
2086
2087
2084
2085
2538
2539
2532
2533
2530
2531
2536
2537
2534
2535
2713
2710
2711
2716
2717
2715
2718
2719
1832
1833
1830
1831
1836
1837
1834
1838
1839
2154
2155
2156
938
2150
2403
2152
2153
933
931
930
2158
936
2408
1955
1957
1951
1950
1953
1952
1959
1958
829
828
825
827
826
821
820
823
822
1993
1482
1481
1480
1487
1486
1485
1484
1489
1488
1713
1712
1711
1717
1716
1715
1714
1719
1718
2413
799
2144
1271
2415
2142
1139
1138
1132
1131
1130
1137
1136
1135
1134
920
1276
2418
476
2062
2063
3013
3010
3016
3017
3014
3015
518
926
1007
510
513
512
1003
514
1001
1000
1227
622
621
620
627
1222
625
1220
629
628
1229
2882
2883
2880
2881
2886
2887
2884
2885
2888
2889
253
2
11
10
13
12
15
14
17
19
928
3027
201
200
203
202
205
207
208
685
1571
2239
2238
2231
2230
2233
2234
2237
1574
2185
228
2095
2094
2097
2096
2091
2090
2093
2092
2099
2098
2525
2526
2521
2520
2523
2522
2529
2709
2705
2704
2707
2706
2701
2700
2703
2702
1829
1828
1824
1826
1821
1820
1823
1822
2147
2146
2145
2412
2143
2414
2417
2140
2419
921
923
924
925
2149
2148
2411
1920
1921
1924
1925
1926
1927
1928
1929
833
830
831
836
837
834
835
838
839
3
784
785
786
780
781
782
783
1726
1727
1724
1725
1722
789
1721
252
153
3005
61
62
3006
64
3000
3003
67
68
69
3009
3008
407
1588
406
1582
1583
1581
1586
1373
1584
1585
159
1038
1039
508
509
1032
1033
504
1036
1037
500
402
1212
1213
632
633
634
1217
636
638
1219
1983
2416
2899
2894
2897
1729
2891
2893
2892
1106
1107
1456
1105
1102
1451
1100
1101
1458
1459
1108
1109
788
1723
1357
1577
958
216
217
214
212
213
210
211
218
219
2139
462
2550
2551
2553
2554
2555
2556
3004
2559
3007
2397
63
2390
2391
2398
2399
2778
2779
66
2770
2771
2772
3002
2774
2775
2776
1858
1851
1852
1855
1857
2170
2171
2176
2177
2175
915
914
2179
911
910
913
2604
2605
2606
2607
2600
2602
2603
2608
2609
1933
1932
1930
1937
1936
1935
1939
1938
458
847
846
844
843
842
841
840
1426
849
848
1587
1739
1738
1731
1730
1732
1735
1737
1736
753
751
750
757
756
755
754
1595
506
1597
2958
2959
1593
1592
2954
2955
2956
2950
2951
2952
2953
1024
1027
1021
1020
1023
1022
1029
1028
1034
501
224
607
606
1209
1208
603
631
1205
1204
1207
1206
1201
608
1203
1202
1211
468
1447
1446
1445
1112
1115
1442
1117
1116
1119
1118
1449
1448
466
2401
463
489
488
487
486
485
484
483
480
1565
2896
199
198
2066
196
191
190
192
2543
1454
2541
2540
2547
2546
2545
2544
2549
2548
1104
2381
2380
2383
2382
2385
2384
2387
2386
2389
2388
1518
2769
2768
2763
2761
2760
2766
2765
2764
902
903
900
901
906
904
905
1842
1841
1840
1846
1845
1844
2169
2168
2165
2164
2167
2166
2160
2163
2617
2616
2615
2614
2613
2612
2611
2610
2619
1908
1909
1906
1907
1904
1903
1901
854
855
856
857
850
851
852
853
858
6
616
740
741
742
743
744
745
747
748
749
1799
3063
3062
3060
3067
3066
2949
2948
2947
2946
2945
2944
2943
2942
2941
2940
1050
1051
1052
1054
1055
1056
1057
1059
718
1697
1695
1692
1693
1690
1691
1699
1278
1279
619
613
610
611
1274
617
614
615
711
1472
1473
1471
1476
1477
1475
1478
1306
1300
1302
1308
498
499
495
496
497
490
492
493
25
26
20
21
22
28
7
2288
2289
2280
2281
2282
2283
2284
2285
2287
2578
2577
2574
2575
2573
2570
2395
2379
2374
2375
2377
2370
2371
2372
2373
2594
2595
2596
2597
2590
2592
2593
2598
1876
1874
1875
1872
1873
1870
1871
600
1083
1878
977
976
975
974
973
971
970
596
2118
183
180
181
186
184
185
2110
2111
188
2113
2114
2115
2116
2117
2622
2623
2621
2626
2627
2624
2625
1919
1918
1910
1913
1915
1914
1917
1916
869
868
861
860
863
862
865
864
867
866
2756
2757
2026
2027
2020
2021
2022
2023
2028
2029
2758
2759
883
882
881
887
886
888
774
777
776
770
773
772
779
778
77
76
75
2979
73
72
70
2972
2973
3055
2976
2977
79
78
1043
1042
1041
1040
1047
1046
1045
1044
1049
1048
1681
1680
1682
1685
1684
1687
1689
1688
3025
1269
1268
1263
1262
1261
664
663
662
661
660
2985
2984
1469
1468
1465
8
1467
1466
1461
1460
1463
521
1317
1316
1315
1311
1310
1319
1318
528
464
1011
319
318
313
311
310
317
316
315
314
2024
443
2755
1334
2752
1337
2753
2750
447
2751
1330
1332
2299
2298
2291
2297
2295
2294
2569
2568
2561
2560
2563
2565
1615
403
908
2369
2368
2367
2366
2365
2363
2361
2360
2587
2586
2585
2584
2583
2582
2580
2589
1861
1860
1863
1862
1864
1867
1866
1868
964
965
966
967
960
961
962
963
968
969
2987
2103
2102
2101
2100
2107
2105
2104
2639
2638
2635
2634
2637
2636
2631
2630
2633
2632
641
878
879
877
875
872
643
2741
2740
2743
2034
2745
2744
2031
2746
2749
2748
1532
890
891
892
893
1531
896
897
898
899
1249
648
1537
1788
2964
2967
769
2960
2963
2962
762
1960
760
1783
2969
2968
764
765
3048
3041
1611
3044
3047
3046
1078
1079
1075
1072
1073
1071
3030
1674
1675
1676
1677
1670
1672
1673
1094
1095
1097
1090
679
1092
642
674
676
670
1099
673
645
1418
1410
1411
1413
1414
1415
1416
1417
1322
1323
1320
1321
1326
1327
1324
1325
1328
5
1256
1525
1254
1527
1252
1253
1523
1528
1529
1258
1259
308
309
302
304
305
306
307
1792
1625
3059
3056
989
3057
2971
3052
2974
3051
2773
984
2358
2359
2352
2353
2350
2351
2357
2355
2991
1899
1894
1895
1896
1890
1891
1892
959
2137
2134
2135
2132
2130
2131
951
953
952
955
954
2138
956
477
2648
2649
2993
2640
2641
2642
2643
2647
2002
2003
2000
2001
2007
2005
2008
2009
2995
667
666
919
665
2910
2911
2912
1260
2914
719
2917
717
2919
1790
713
712
1795
710
1265
716
1264
1069
1068
916
1061
1060
1063
1062
1065
1064
1067
1066
1669
1668
1667
1665
1664
1663
1662
1660
1087
1086
593
592
595
1081
1080
598
1089
714
2828
1526
2824
2825
2826
2827
2820
2821
2823
1409
1408
1403
1400
1407
1406
1405
1404
1546
449
1339
1547
1335
442
441
1336
1331
446
445
444
65
1520
696
39
38
33
32
31
37
36
35
34
1241
1536
1535
1534
1533
644
647
646
649
1248
1539
1538
339
338
334
337
336
331
330
333
332
2061
1111
2119
2542
1462
152
2345
2344
2347
2346
2340
2343
2349
2348
1455
1889
1887
1886
1884
1883
1882
1881
1880
2121
2120
2123
2122
2125
2124
2127
2126
2129
2128
1457
942
943
940
941
2410
2659
2658
2653
1450
2651
2650
2657
2656
3039
133
132
131
130
137
136
134
139
138
1354
2019
2018
2015
2014
2016
182
1793
1453
3034
2112
2903
2902
2901
2900
2907
2906
3035
705
706
707
700
702
703
88
82
83
80
81
86
87
85
3036
1658
1659
1652
1651
1656
1657
1654
1655
586
1986
584
585
582
580
581
588
589
1985
2838
2837
2836
2835
2834
2832
2831
2830
1437
1434
1432
1433
1430
1431
1981
1438
1439
59
1348
459
450
451
452
453
1344
1345
1346
1347
1266
656
657
1500
655
1506
1507
650
651
1509
767
658
659
948
949
946
947
1292
322
323
320
321
326
327
324
325
329
1340
2818
2331
2332
2333
2334
2336
1594
2339
1341
1590
2488
2489
2486
1599
2484
2482
2483
2480
1598
2248
2249
2652
2245
2246
2247
2241
2242
2243
2464
2465
2466
996
2460
2461
2462
992
2468
2469
121
122
123
124
125
126
127
128
129
2654
1295
2068
2069
2798
2799
2060
2793
2790
2791
2796
2065
2794
2067
2666
2667
2664
2665
2662
2663
2660
2661
2668
2669
2938
2936
2937
2934
2935
2932
2933
2930
2931
1645
1644
1647
1646
1640
1643
1649
1743
605
579
578
573
572
571
570
577
576
575
2808
2809
2803
2800
2801
2806
2807
2805
2406
1422
1425
1424
1427
2407
1429
1428
602
2404
731
730
733
2405
735
734
736
739
2402
1084
1359
1393
469
2400
465
1352
1351
1350
461
1356
1355
1200
1273
937
935
1514
2012
1511
1512
1275
1798
280
723
357
356
355
354
353
352
351
350
359
358
2323
2322
2321
2320
2327
2326
2325
2324
2329
2328
289
288
1444
281
1443
283
282
284
287
1114
1441
1440
263
262
261
260
267
266
265
1561
286
269
268
1562
2491
2490
2493
2492
2192
2497
2496
1294
2259
2258
2257
2256
2255
2254
2253
2250
2477
2476
2475
2474
2472
2471
2470
982
983
980
981
986
987
2479
985
115
114
117
116
111
110
113
112
119
2784
2787
2786
2780
2783
2782
2079
2078
2072
2071
2070
2077
2076
2074
1796
1035
2671
2670
2673
2672
2675
2674
2677
2679
2678
52
2929
2928
2921
2920
2923
2925
2924
2927
708
2566
709
1630
1632
1633
1634
1635
1636
1637
1638
1639
2904
1988
2815
569
2816
2811
2810
2813
2812
560
561
563
2819
565
566
567
1188
1189
1186
1187
1182
1180
1181
726
727
724
725
1748
1749
720
721
1744
1746
1747
1740
1742
729
1164
1165
1166
1167
1160
640
1163
1168
1169
472
2913
48
49
47
44
45
42
470
41
1568
1569
1298
471
1560
1293
1290
1291
1564
1297
1566
1567
474
796
591
2033
795
793
792
791
590
2032
790
1366
1367
1364
1365
1362
1363
1360
1361
478
479
2916
1368
1369
