210
666
133
132
498
226
494
495
490
25
691
341
220
285
678
719
716
715
670
671
672
576
120
261
330
266
265
268
58
57
56
415
534
532
375
539
376
591
590
592
199
198
195
312
196
700
190
314
393
116
275
113
279
378
429
525
421
528
424
301
440
445
589
244
27
384
243
242
149
249
248
39
418
31
30
36
519
640
436
241
434
512
515
514
709
459
339
338
334
570
455
574
62
64
65
69
170
203
657
156
183
654
186
651
735
188
502
503
659
630
631
632
750
469
754
465
463
165
96
12
15
16
726
720
153
742
559
602
748
158
609
550
649
43
1
5
325
155
676
352
146
144
140
615
511
487
483
78
263
705
355
477
652
