669
668
666
664
768
90
93
692
691
697
694
344
345
541
341
342
343
8
549
522
719
718
717
716
715
714
120
651
127
736
415
416
298
413
296
295
418
291
591
590
319
592
199
198
596
195
598
197
196
191
190
315
192
270
275
276
278
279
524
525
526
520
368
367
364
528
361
448
443
442
440
446
445
444
381
383
384
103
101
39
38
31
30
36
177
641
640
644
647
646
436
434
432
433
431
151
578
339
338
335
334
571
570
330
333
332
60
61
62
63
64
65
389
252
253
250
251
256
257
255
407
543
602
748
732
735
6
738
502
503
500
630
631
632
469
544
636
465
460
463
168
165
166
167
95
161
162
96
314
587
742
559
745
746
555
554
557
556
550
113
552
236
232
1
146
144
619
142
140
141
149
649
512
355
689
688
685
687
682
623
214
769
213
210
211
763
767
218
765
133
132
131
130
498
499
494
495
490
25
27
20
21
323
289
406
404
400
280
283
285
286
678
679
676
670
671
672
576
263
261
266
265
268
59
58
57
56
53
537
378
534
532
371
373
375
377
538
709
705
700
203
393
114
117
145
395
69
82
83
81
118
84
85
429
421
420
423
422
425
424
308
309
582
301
304
305
589
245
244
241
243
242
615
249
248
519
539
511
601
376
515
514
517
516
458
459
621
620
626
625
624
452
453
454
455
457
574
176
175
174
171
170
657
180
656
183
654
2
186
187
312
652
188
659
750
756
755
754
560
561
759
563
567
229
228
227
226
224
223
220
12
15
14
16
18
726
724
390
722
720
605
153
152
155
154
603
156
158
609
116
79
45
42
43
322
638
320
321
5
325
353
328
562
352
200
730
202
205
77
72
71
70
487
486
484
483
482
481
78
472
473
476
477
479
