3922
3923
3926
3927
3925
3929
2304
4024
4025
4023
4020
347
3852
3851
3997
3996
3995
348
3859
2316
2317
2312
296
297
295
3771
3777
195
3778
270
272
274
276
277
3676
2543
2542
2546
2544
1155
2548
1456
2381
642
2387
2386
2389
2263
2261
2768
3585
2444
2762
3743
109
106
104
903
900
2045
906
2040
1840
1847
2048
2167
2166
2161
2162
2617
1941
2610
2619
3298
1907
3296
1902
1903
1901
3451
850
3457
3454
3512
858
2689
2685
2680
2631
99
1435
95
94
1622
3205
1992
1994
1997
1624
1998
3208
3990
2860
2866
747
748
554
557
552
3063
2949
2948
2945
2941
1198
1054
1056
1058
3343
3341
3346
3347
3344
1696
1690
1758
1757
1755
1751
1279
1174
1173
1171
1170
612
613
616
1275
712
1795
1287
1281
3118
3115
1289
3112
1472
1814
1476
1474
685
1572
687
1479
1577
1575
1305
1307
3335
1302
1226
1818
1308
499
494
496
491
492
25
20
21
405
404
402
400
1379
409
3836
3837
3939
3938
3935
3936
3931
3839
3933
455
4035
4034
4036
378
3843
3845
3846
371
372
374
3916
396
399
398
4041
2300
2305
4049
2307
7
3982
3664
3661
3660
3662
2283
3669
2285
244
240
2277
2276
2270
2579
2576
2572
2571
2374
2377
2371
2595
2596
3590
2591
1086
2454
2599
2452
1876
1874
1873
179
3469
174
2051
3699
975
974
2055
972
2057
2056
181
187
2110
189
3088
2622
2623
2620
2621
650
2624
3526
1918
3521
1910
1912
1915
3528
3280
869
868
3449
861
3442
2022
2696
2694
2693
2029
2758
881
887
1973
889
888
3549
3149
1606
3233
1969
1964
1617
1614
3239
1613
1610
775
776
771
2875
778
76
3058
70
2972
655
3054
3055
3052
2977
3050
1043
1919
1045
3028
1680
1768
1684
1687
1761
1766
1143
1146
1147
1263
666
1261
1260
663
1266
690
691
696
3122
698
699
3124
1549
542
543
546
545
1467
1460
1463
1317
1313
1310
1318
2
1787
17
1449
529
414
417
2670
1387
1380
419
318
3823
3820
3940
3942
3946
3828
2441
1231
366
365
363
2750
381
383
3840
388
2764
4057
4052
4050
2691
2299
3753
2297
2296
2191
259
2197
2199
250
256
254
2204
2205
2206
2560
2369
2368
2360
2587
2429
2585
2581
2423
2589
168
3729
1866
164
166
161
3723
3689
3688
960
3681
3680
2518
2517
2512
2736
2737
2639
2635
2636
2738
2739
3531
3530
3533
3537
1090
3198
3438
1241
1810
1811
1812
1813
3434
3435
871
2741
2036
2034
2745
2747
2746
9
2039
1244
897
898
439
3237
3544
3545
3541
1979
1975
3221
1972
3222
809
2699
803
431
807
806
805
804
1789
1615
2961
2849
762
1781
760
2845
1784
2843
2841
3048
909
3328
3045
1775
322
3644
1771
1078
1772
1075
1778
337
1672
3974
1094
1096
678
1091
1093
674
675
1098
671
672
1152
3137
3136
3130
3133
3038
1550
1553
1552
59
1556
3034
2991
3036
3037
3030
2995
2996
1418
1559
534
530
1410
1412
538
1322
1321
1327
1329
3032
2999
1254
1520
1521
1522
1398
1394
425
1258
309
3817
3953
301
3951
3819
304
305
3954
852
3354
2477
989
4066
4064
4065
980
3602
3600
3606
3608
2180
984
2185
2184
226
222
2218
2352
2351
2357
2355
153
2438
157
2432
2435
1898
3738
3737
3736
1896
3734
1890
1892
1893
2136
958
2134
954
957
2507
2503
2500
2725
2993
2722
2721
2640
2641
2642
2645
2850
3428
1802
1801
3420
1808
2001
2004
2009
3258
3259
1949
3253
3558
818
667
919
1798
2915
719
2919
715
2852
1797
2854
711
1794
1490
1491
3331
1620
1494
1496
1497
1499
3339
1069
1703
1705
1061
1062
1065
1067
1667
2091
1665
1660
1087
590
1083
1082
596
1120
1125
3143
2825
2822
2823
3384
3029
3381
3023
3022
3021
525
527
522
3952
1016
1400
528
1011
1013
1338
1233
443
1333
3261
33
30
37
1537
640
1243
1242
1245
3097
1531
1530
649
648
434
435
1538
3809
338
3807
336
3801
333
332
1967
2868
3896
3897
3894
3466
4077
4076
4071
2700
4072
3962
3961
3968
3636
3634
3632
840
2467
239
234
236
230
2345
2347
2346
2341
2229
2463
2222
2220
1
144
142
141
2031
149
1885
3706
3707
1881
2120
2125
948
949
946
947
2081
2086
943
940
2538
2539
2536
2713
2658
2716
2653
2652
2718
2719
2654
131
130
3412
1830
3799
1837
2846
1835
3797
137
2154
2407
939
2157
2153
932
931
2016
2158
934
471
1951
1959
3562
3563
3560
3248
3241
3569
827
826
822
2900
1176
705
703
88
1480
1486
3306
3304
3305
84
85
1713
2068
1711
794
1716
790
1718
1658
1271
1651
1656
1655
586
1139
1274
1135
3153
3151
3157
3155
2836
2834
2833
922
2830
1436
1437
3018
3392
3397
3396
2064
1438
1639
510
1005
1004
515
516
1227
459
1223
626
1340
1345
1229
2880
2884
2885
2888
1500
1501
3089
1507
1504
651
311
3879
3874
3877
3885
10
3881
3883
16
55
2128
1924
3905
3903
3908
4009
2742
3971
321
327
324
689
329
205
206
830
3626
1573
2239
2238
2332
686
2335
2337
2338
2339
835
839
3711
3496
3494
3492
3493
3490
2096
3658
3659
2093
3654
3656
3652
2527
2521
1297
2528
3176
2651
2243
2465
997
996
2461
993
992
2707
998
120
121
122
1821
928
2413
3415
2414
920
2061
2790
923
2796
3375
2149
2067
1029
1922
3272
3273
3271
3476
3578
834
3473
3575
3574
838
3576
3573
3
2665
2669
2938
2664
2931
3319
1836
3314
3317
784
780
781
1728
1729
573
572
571
576
3007
3168
3167
2801
3009
2804
3369
3364
1583
1586
3361
3363
731
2405
509
1032
1033
501
1645
1359
1211
1216
636
638
639
1351
1219
461
460
1354
2225
1640
1643
2011
2897
783
1455
1104
1105
1518
1100
1453
1458
1570
4080
4081
4084
3867
3864
3735
3733
3184
3186
3187
3180
3181
3182
723
3188
3189
959
3911
2137
3919
3288
3506
4018
4016
356
354
352
3984
3986
3987
359
2241
2138
2320
2327
2325
289
288
4
1443
283
282
285
284
3489
3761
3763
3764
3767
3768
1440
263
261
3649
264
268
2552
2557
2490
2495
2494
2496
2396
2395
2392
2393
2390
2391
2256
2250
2778
988
2474
2473
2472
2470
2770
2772
2773
986
2776
118
1858
2786
2781
2782
1850
2806
2172
2173
2079
2078
2176
2177
2174
2073
2072
2071
911
913
912
2604
2605
2600
2601
1796
1933
1932
3263
1935
3268
1938
846
845
844
3462
3460
3500
3504
849
2671
1582
2679
2929
2925
1192
3214
1987
1637
1730
1988
1989
752
759
758
1595
739
3073
3075
1593
1592
2951
3787
1027
1026
1186
1184
1185
1182
3371
724
1349
1749
1744
1035
1741
1164
607
1167
600
602
1207
608
1203
633
469
1489
472
3108
3109
48
46
3103
1447
1446
1444
1115
2795
1292
1291
467
1566
1295
1782
591
484
483
482
3197
473
3194
477
474
475
479
1369
