199
344
345
346
341
342
343
348
719
718
717
716
715
714
298
296
294
295
293
291
591
590
593
592
595
198
596
195
598
197
196
191
190
192
270
271
275
276
277
278
279
524
525
526
520
521
522
528
529
448
443
442
440
447
446
445
444
103
101
107
105
39
38
33
31
30
36
641
640
643
642
645
644
438
646
436
434
435
432
433
431
339
338
335
334
336
331
330
333
332
745
555
6
91
90
93
95
96
153
742
559
558
746
747
748
554
557
556
550
552
239
234
235
236
230
231
232
1
155
146
618
619
142
140
141
612
611
617
614
149
154
689
688
685
687
683
682
458
133
132
131
130
137
499
494
495
139
138
490
491
25
26
27
20
21
29
407
406
405
404
400
408
628
758
379
378
371
373
375
377
376
709
705
706
707
700
701
393
392
88
89
396
395
82
83
81
86
84
85
586
587
584
585
582
588
589
245
244
247
241
148
243
242
615
249
248
519
518
511
510
512
515
514
517
516
623
459
621
620
626
625
624
450
451
452
453
454
455
457
179
178
177
176
175
174
173
171
170
183
654
656
657
180
2
652
653
650
651
186
188
658
187
10
12
15
14
16
18
659
322
323
320
321
325
328
562
200
203
202
205
209
208
77
72
71
70
79
78
669
668
667
666
665
664
214
660
692
691
696
697
694
695
698
699
543
541
544
8
549
120
122
764
126
127
219
415
416
417
412
413
498
418
419
136
319
312
310
315
314
497
368
369
366
367
364
365
361
380
381
383
384
385
386
389
151
578
604
571
570
576
574
60
61
258
63
64
65
252
253
250
251
256
257
255
602
730
733
732
735
737
736
738
502
503
500
630
631
632
469
468
636
637
465
467
460
463
462
168
164
165
166
167
160
161
162
647
649
357
356
355
354
353
352
216
217
768
769
213
210
211
762
763
760
767
218
765
289
281
280
283
282
285
284
287
286
678
679
675
676
677
670
671
672
263
261
260
267
266
265
268
59
58
54
57
56
62
53
52
537
535
259
532
530
539
538
115
114
117
116
113
69
119
118
429
534
421
420
423
422
425
424
308
309
301
302
304
305
307
144
145
568
752
750
757
756
755
754
560
561
759
563
564
565
567
229
228
227
226
224
223
220
391
726
724
390
722
720
728
605
150
607
152
601
600
603
156
158
112
609
634
48
49
47
44
45
42
43
41
638
5
508
489
488
487
486
485
484
483
482
481
480
472
473
476
477
475
478
479
