1200
1868
1949
1947
818
813
814
2859
2911
2914
717
2852
2855
2854
2857
1490
1493
1495
1497
1069
1701
2070
1704
1705
2077
1067
1066
1669
1668
1664
292
293
591
593
592
595
198
1081
596
1122
191
1089
1127
271
2828
275
2824
2825
1540
2820
2119
2989
2547
2983
2981
3023
3022
2984
524
2380
526
1457
2386
2388
1016
1400
2266
2267
1405
1404
2442
2525
2441
1339
1336
447
2766
2285
109
102
100
1134
2044
1848
2488
904
905
909
2048
34
1534
1533
1532
1247
649
648
435
1539
2617
2616
2612
2611
741
334
331
45
2619
1909
1906
1907
1555
2865
852
853
2684
2686
2683
99
90
93
94
1622
1621
549
1627
2273
1997
1996
1628
2265
2242
2574
2861
742
745
2866
551
550
553
3067
2949
2509
3068
231
1050
1051
1052
237
2340
1057
2224
1192
2223
2220
2221
1697
1692
1691
1567
1755
1754
1753
1699
1177
147
619
1173
2344
1271
611
1275
1276
1178
2346
711
1889
1887
1884
1883
1882
1881
1880
2121
2088
2122
1280
1283
2082
1003
2086
2087
940
941
1473
1471
688
1475
1573
684
1478
1594
682
2713
1306
1302
2595
2652
2650
1308
2654
132
498
499
1223
496
497
492
1833
1830
1839
28
2743
1371
406
1373
1372
403
2152
2153
1379
2745
931
2016
452
935
471
1758
229
456
1347
2357
1439
829
828
825
821
376
146
605
2900
2907
709
2904
705
706
178
390
1487
2310
394
82
142
1489
81
87
85
2309
1712
792
791
2301
2300
1773
2304
2307
2306
1658
2169
2142
2288
2417
580
2280
1132
1131
2284
1136
2287
247
974
242
2837
2836
2830
2197
1437
1434
2791
1432
1433
2578
1431
3013
3010
3015
518
2379
510
1005
2370
1001
2373
1348
1226
621
2597
2590
1222
624
451
1342
1343
2598
1345
2453
457
1084
1873
179
1871
177
1083
174
172
2051
656
2881
973
971
2056
2058
2889
182
183
186
1505
2111
188
1509
2466
659
2622
1285
2626
1919
1663
1914
1917
1916
869
868
12
2127
2459
860
865
864
713
2024
2757
2755
2752
2021
2750
2128
2693
2029
2758
2690
2815
881
887
886
888
2084
1968
1969
1617
2526
1615
1961
322
323
325
329
1477
2871
202
770
773
2874
948
2954
76
477
73
3059
3056
2973
3052
1571
1551
1041
2334
1045
1044
2231
2339
1049
2234
2237
1681
1685
1684
1506
1762
1766
2549
1764
1142
2185
1263
666
1148
1260
663
662
660
2094
2097
2091
2090
2093
226
2098
692
690
691
696
1543
2523
695
2487
2484
699
2529
2268
2480
1220
1279
2665
1467
2247
2241
1463
2464
2465
1315
2460
2461
2462
992
2705
2706
2468
2469
2702
121
122
126
127
1021
176
14
2215
1826
1823
529
2147
2144
2143
1012
412
920
2061
1386
2063
1380
2219
1382
1234
1167
1235
313
316
1926
1929
866
833
830
831
2666
2027
2662
369
367
364
365
362
360
2936
2934
2751
2932
26
2933
380
381
383
384
2511
548
2931
784
785
1647
1646
781
783
2028
1725
1649
1723
2692
2759
1164
579
2298
573
2291
577
61
258
2438
64
2195
3002
2198
253
250
2806
3008
2805
2568
1422
1424
2206
1870
1429
1583
2563
1584
2566
730
1038
938
734
508
509
739
2150
504
1036
500
501
2428
2429
1211
2583
1217
636
2580
464
2422
2423
1357
786
2426
608
1861
2015
2045
1867
165
162
2040
963
2896
513
1106
1105
1102
1672
1453
2515
2101
2510
1459
2512
2734
2735
2736
2639
2635
788
2738
2630
2632
1845
1814
879
877
875
1819
2741
2740
2035
642
2033
2747
2030
2748
2038
892
893
438
898
899
1150
2165
1248
1609
1978
1976
1972
357
356
354
11
806
805
358
216
217
768
769
2963
2849
762
2842
2968
218
3048
2698
3041
3042
2323
2322
1776
2327
2325
1071
789
1675
283
571
287
1673
1095
1097
1091
1156
670
1099
1153
1152
262
260
267
59
269
58
2998
1553
3038
1554
2556
2191
55
2490
57
56
2994
2995
53
52
2990
3006
2501
2390
2991
1410
1413
2398
1417
2477
2779
2474
1327
1324
2470
2770
3030
980
67
986
2479
50
115
117
111
112
2496
1080
1858
1531
207
256
1852
2807
2170
2177
208
421
914
2071
916
1393
427
2074
2604
309
2606
2607
2600
1722
304
2609
307
1932
1930
1937
1935
2728
458
846
844
843
842
840
1426
2561
2673
2675
539
2677
2250
2920
2311
2924
2927
2906
1630
1632
1634
1637
1731
1730
1732
733
1860
2977
1318
1039
983
2052
1328
753
751
707
757
956
2812
2910
561
2818
1950
2182
2037
2186
1593
1592
227
1047
2189
223
2365
1450
2217
629
1188
1187
1862
2218
1182
1028
1181
724
725
1748
723
2352
2353
2350
2351
1740
2233
2355
151
1212
152
1160
600
602
1207
1201
1169
1387
1196
1890
399
468
959
1035
2134
2942
2130
49
953
952
42
470
2138
41
1568
1569
1298
1112
1443
1114
1117
2508
2851
1442
2505
1291
2503
1566
1448
2648
2649
1350
2582
2640
2643
2729
2647
1689
923
463
487
485
1354
483
1807
1806
1310
1546
1808
1366
473
1364
1365
2007
1360
2005
3033
478
479
506
