3715
2713
5898
4024
4577
5506
4470
5502
5100
2527
5827
2489
4901
5106
4903
2480
4670
819
2385
3176
816
1799
1798
5069
4886
4887
3333
3330
3407
5466
128
5239
1828
4734
5300
4405
2314
4879
1391
412
5853
296
2066
1383
1085
1120
311
315
192
271
4659
3279
2546
3575
2381
4496
5689
4490
2388
2261
363
5682
3583
2763
446
444
5672
588
5320
5678
4703
5776
39
5244
1723
34
4959
5799
5875
4952
648
4950
4954
579
2298
2610
3618
2618
2190
606
4105
3003
2198
1900
600
1426
2560
3510
5702
732
735
2689
3893
425
5026
99
4774
5652
4377
96
5180
4683
4937
3680
1454
2518
1023
2101
1513
2862
5113
3835
2634
556
553
1648
4619
3066
3539
4610
878
1813
2032
1753
5929
4258
892
4332
1275
5530
3702
2167
1881
1608
4161
4154
2126
4916
3224
4011
4010
3113
6035
216
217
213
5175
2718
1784
2843
1786
2841
3321
5475
6122
4227
491
5074
4707
5275
2327
5626
4381
1371
405
402
2158
1671
2408
3489
3488
2922
679
4337
670
3932
5030
1953
1290
3641
6010
3962
2995
5692
4482
1060
370
2902
2901
5016
1279
700
702
6141
5760
5255
4720
2804
2077
1654
1655
2604
2600
3817
2050
3952
3955
589
920
3262
3154
5124
4545
4118
3465
5087
2371
4263
2458
223
2456
4184
2453
5331
5335
170
5947
2880
3217
1057
4064
183
3219
1800
182
657
181
5781
2688
1508
4399
3070
3171
2955
2956
3283
4603
3177
3529
3887
15
1974
3883
1186
1187
3543
4208
3443
3370
2083
4218
945
601
1161
609
1898
5525
5211
5643
5218
879
4165
3108
4925
4552
1615
1111
5549
1562
2876
5045
78
5363
5638
3785
3598
6137
1360
1686
4585
4583
