1200
4026
4027
4024
4025
4022
4023
4020
4021
854
4028
4029
344
345
346
347
340
341
3999
343
3997
3996
3995
3994
3993
349
3991
3990
595
1343
2919
1564
2318
2319
2316
2317
2314
2315
2312
2313
2310
2311
298
299
296
297
294
295
292
293
290
291
3773
3772
3771
3770
3777
3776
3775
3774
3779
3778
270
271
272
273
274
275
276
277
278
279
738
2146
2268
2269
2262
2263
2260
2261
2266
2267
2264
2265
2442
2443
2440
2441
2446
2447
2444
2445
2448
2449
108
109
102
103
100
101
106
107
104
105
2046
2047
2044
2045
2042
2043
2040
2041
3198
2048
2049
2839
3154
2835
3519
3518
3513
3512
3511
3510
3517
3516
3515
3514
2688
2689
2684
2685
2686
2687
2680
2681
2682
2683
1436
342
1437
3998
3393
99
98
1435
91
90
93
92
95
94
97
96
3207
1622
1993
3204
1627
3202
3201
1624
1999
348
1629
1628
3209
3208
3398
2860
2861
2862
2863
2864
2865
2866
2867
555
554
557
556
551
550
553
552
1502
1439
1199
1198
3348
3349
1191
3343
3340
3341
1195
3347
3344
1196
1759
1758
1757
1756
1755
1754
1753
1752
1751
1750
1177
1176
1175
1174
1173
1172
1171
1170
3213
1179
1178
511
510
3440
513
644
1285
1284
1287
512
1281
1280
1283
1282
515
879
1289
1288
514
3430
1579
1578
689
688
3431
1573
1572
1571
686
681
680
683
1574
1227
3433
1226
3434
621
873
1224
870
627
3437
1222
2741
625
2036
2747
624
2743
407
406
1373
404
1375
402
1377
1376
1379
1378
452
409
408
3834
3835
3836
3837
3830
3831
3832
3833
454
2746
3838
3839
455
4031
4030
4033
4032
4035
4034
4037
4036
4039
4038
457
3796
379
378
371
370
373
372
375
374
377
376
1987
393
392
391
390
397
396
395
394
399
398
2309
2308
2301
2300
2303
2302
2305
2304
2307
2306
3592
653
3748
3749
3746
3747
3744
3745
3742
3743
3740
3741
245
244
247
246
241
240
243
242
249
248
2275
2274
2277
2276
2271
2270
2273
2272
2279
2278
2337
2459
2458
2455
2454
2457
2456
2451
2450
2453
2452
179
178
177
176
175
174
173
172
171
170
3698
2050
2053
2052
2055
2054
2057
2056
3690
3691
3692
3693
3694
3695
3696
3697
655
3596
652
3088
1367
650
651
3526
3527
3524
3525
3522
3523
3520
3521
3087
3528
3529
3086
338
225
3080
1977
3083
2699
2698
2697
2696
2695
2694
2693
2692
2691
2690
3226
1973
3220
3223
1606
1362
3232
3233
3230
3231
3236
1969
1618
3235
1616
1617
3238
1967
1612
1613
1962
1611
1985
2063
3650
2873
2872
2871
2870
2877
2876
2875
2874
2879
2878
3355
3354
3357
3356
3351
3350
3353
3352
1360
3359
3358
3953
1768
1769
1762
1763
1760
1761
1766
1767
1764
1765
1142
1143
1140
1141
1146
1147
1144
1145
1148
1149
2967
2966
2762
692
1547
690
1545
696
697
1540
1541
698
699
1548
1549
542
1780
540
541
546
547
544
545
1643
548
549
760
761
1784
1982
767
1786
765
9
414
415
416
417
410
411
412
413
1384
1385
1386
1387
1380
1381
1382
1383
3827
3826
3825
3824
3823
3822
3821
3820
3582
3829
3828
2768
3588
368
369
366
367
364
365
362
363
360
361
380
381
382
383
384
385
386
387
388
389
3215
2065
1369
1243
1077
3759
3758
3751
3750
3753
3752
3755
3754
3757
3756
2190
2191
2192
2193
2194
2195
2196
2197
2198
253
250
251
256
257
254
255
2200
2201
2202
2203
2204
2205
2206
2207
2208
2209
1301
2428
2429
2420
2421
2422
2423
2424
2425
2426
2427
901
168
169
164
165
166
167
160
161
162
163
3689
3688
3683
3682
3681
3680
3687
3686
3685
3684
2796
3212
2518
2519
2514
2515
2516
2517
2510
2511
2512
2513
2734
2735
2736
2737
2730
2731
2732
2733
2738
2739
3531
3530
3533
3532
3535
3534
3537
3536
3539
3538
679
1814
1815
1816
1817
1810
1811
1812
1813
1818
1819
670
2795
1099
1609
1608
3229
3228
1979
1978
3225
3224
1975
1602
3221
1972
1971
1970
809
808
803
802
801
800
807
806
805
804
2848
2849
2846
2847
2844
2845
2842
2843
2840
2841
3320
3321
3322
3323
3324
3325
3326
3327
3328
3329
1259
1775
1774
1777
1776
1771
1770
1773
1772
1779
1778
3972
3975
327
2998
1159
1158
2999
1155
1154
1157
1156
1151
1150
1153
1152
3038
2618
58
1551
1550
1553
1552
1555
1554
1557
1556
1559
54
3036
3037
51
3031
2996
2997
537
55
535
534
533
532
531
2991
2992
539
538
2993
303
1558
2994
50
1906
3032
3295
52
3296
3297
536
1902
1903
429
428
3292
1399
1398
1397
1396
1395
422
1393
1392
1391
1390
3812
3813
3810
3811
3816
3817
3814
3815
3818
3819
3450
3451
850
851
852
853
1443
2199
4005
2331
2971
2977
2183
2182
2181
2180
2187
2186
229
2184
227
226
2189
2188
223
222
221
220
2213
2212
2211
2210
2217
2216
2215
2214
2219
2218
3375
151
150
153
2438
155
154
157
156
2433
2432
2431
2430
2437
2436
2435
2434
1161
123
2509
2508
2507
2506
2505
2504
2503
2502
2501
2500
2727
2726
2725
2724
2723
2722
2721
2720
3158
2729
2728
125
3782
3783
3780
3781
3786
3787
1801
3785
3788
3789
1809
1808
3089
126
127
3710
3258
1524
1948
1949
1257
1942
1943
1940
1941
1946
3255
3256
1945
818
819
1527
810
811
812
813
814
815
816
817
2859
2858
3495
1522
3206
2851
2850
2853
1251
2855
3205
2857
2856
1490
3332
1492
1992
1494
1495
1496
3334
1498
1995
3339
3338
423
1626
1700
1701
1702
1703
1704
1625
1706
1707
1708
425
1996
424
427
1998
2091
426
2090
1128
1129
1120
1121
1122
1123
1124
1125
1126
1127
313
2989
2988
3029
3028
2983
3026
3025
3024
2987
3022
3021
2984
524
525
526
527
1018
521
522
523
1014
1015
1016
1017
1010
1011
1012
1013
1234
1235
1236
1237
1230
1231
1232
1233
3957
1238
1239
3956
2526
306
307
438
439
436
437
434
435
432
433
430
431
3809
3808
3805
3804
3807
3806
3801
3800
3803
3802
317
2975
559
558
2868
3162
2869
1162
3163
4076
2247
1961
2464
3065
2465
3064
2466
3161
996
238
239
234
235
236
237
230
231
232
233
2944
1963
2228
2229
2226
2227
2224
2225
2222
2223
2220
2221
1
1433
3217
146
147
144
145
142
143
140
141
999
148
149
3371
3401
2088
2089
3400
2082
2083
2080
2081
2086
2087
2084
2085
3342
2538
2539
1190
2532
2533
2530
2531
2536
2537
2534
2535
2712
2713
2710
2711
2716
2717
2714
2715
3346
2718
2719
1194
128
1197
3408
3345
1832
1833
1830
1831
3799
3798
1834
1835
3795
3794
3797
1839
3791
3790
3793
3792
2154
2155
2156
2405
2402
2151
2400
2153
933
932
931
930
2158
936
2408
2409
2829
471
136
1955
1954
1957
1956
1951
1950
1953
1952
1959
1958
3249
3248
3096
3243
3242
3241
3240
3247
3246
3245
1990
829
828
825
824
827
826
821
820
823
822
3097
2284
1536
1483
1482
1481
1480
1487
1486
1485
1484
3306
3307
3304
3305
3302
3303
3300
3301
1713
1712
795
1710
1717
1716
1715
1714
1719
1718
2145
799
798
1270
2144
613
2415
1272
2142
1139
1138
2417
1133
1132
1131
1130
1137
1136
1135
1134
920
614
2418
4066
1277
2790
3018
3019
1994
3012
3013
3010
3011
3016
3017
3014
3015
519
518
926
1009
1008
1007
1006
1005
1004
1003
1002
1001
1000
623
622
1225
620
1223
626
1221
1220
629
628
1229
1228
2882
2883
2880
2881
2886
2887
2884
2885
2888
2889
2
3878
3879
3196
1561
3870
3871
3872
3873
3874
3875
3876
3877
1286
2958
11
10
13
12
15
14
17
16
19
18
1922
1923
1924
1925
3904
3905
3906
3907
3900
3901
3902
3903
928
3271
3908
3909
3193
2742
678
1534
1471
3090
201
200
203
202
205
204
207
206
209
208
830
1352
685
831
684
3470
687
3471
2239
2238
1570
834
2231
2230
2233
2232
2235
2234
2237
2236
1575
3190
682
2185
3498
3499
3496
3497
3494
228
3492
3493
3490
3491
2095
2094
2097
2096
3658
3659
2093
2092
3654
3655
3656
3657
2099
2098
3652
3653
2525
2524
2527
224
2521
2520
2523
2522
2529
2528
2709
2708
2705
2704
2707
2706
2701
2700
2703
2702
1829
1828
2951
1825
1824
1827
1826
1821
1820
1823
1822
2147
929
2413
2412
2143
2414
2141
2416
2419
921
922
923
924
925
2149
927
2411
1920
1921
3274
3275
3272
3273
3270
1927
1928
1929
475
3278
3279
3474
3475
3476
3477
836
837
3472
3473
838
839
3478
3479
1365
3
2937
1986
3199
3319
3318
2594
358
3311
3310
3313
3312
3315
3314
3317
3316
784
785
786
787
780
781
1728
1729
1726
1727
1724
1725
788
789
1720
1721
1350
1984
2439
3005
61
62
152
64
3000
3003
67
68
69
3009
3008
1371
1588
1589
1370
1582
1583
1580
1581
1586
1587
1584
1585
159
1038
1372
508
509
506
507
1030
1031
1036
503
1034
1374
630
1213
632
633
634
1217
636
637
638
639
1218
400
1394
1983
2899
782
2895
2894
2897
783
2891
2890
2893
2892
1106
1107
1456
1105
1102
1451
1100
1101
1458
1459
1108
1109
4080
4081
3869
4083
4084
4085
4086
4087
3863
3862
3861
3860
3867
3866
3865
3864
1357
1894
3736
1577
323
3734
1890
3732
1892
1576
320
3917
3916
3915
3914
3913
3912
3911
3910
3147
3919
3918
2131
216
217
214
215
212
213
210
211
218
219
957
956
939
4
324
1976
3489
3488
3481
3480
3483
3482
3485
3484
3487
3486
3649
3648
3647
3646
3645
3644
3643
3642
3641
3640
2550
2551
2552
2553
2554
2555
2556
2557
2558
2559
3595
3007
2396
2397
2394
2395
2392
2393
2390
2391
3001
2398
2399
2778
2779
66
2770
2771
2772
3002
2774
2775
2776
2777
2802
3167
1428
3164
312
37
1858
1859
3165
1850
1851
1852
1853
1854
1855
1856
1857
2172
2173
2170
2171
919
2177
2174
2175
915
914
2178
2179
911
910
913
912
2604
2605
2606
2607
2600
2601
2602
2603
2608
2609
3261
1932
1931
3262
3265
1936
1935
3266
3269
3268
1939
1938
458
3369
3467
846
3465
844
843
842
841
3460
2793
3469
3468
1429
2406
1193
3367
2407
1192
1739
1738
1731
1730
1733
1732
1735
1734
1737
1736
3895
2404
753
1807
751
750
757
756
755
754
759
758
1805
3070
3071
1597
1596
3074
2959
3076
3077
2954
2955
2956
2957
2950
1598
2952
1802
1025
1024
1027
505
1021
3784
1023
1022
502
1800
1029
1028
1037
500
1035
3951
605
1212
607
606
1209
1208
603
631
1205
1204
1207
1206
609
608
1203
1202
1211
1216
935
635
1806
3108
1214
3104
3105
3106
3107
3100
3101
3102
3103
1447
1110
1113
1112
1115
1442
1117
1116
1119
1118
467
1449
1448
1219
2401
450
1356
463
489
488
487
486
485
484
483
482
481
1804
991
1803
3922
3923
3920
3921
3926
3927
3924
3925
3952
3928
3929
124
993
1565
3992
3856
3857
3854
3855
3852
3853
3850
3851
3858
3859
2898
1567
1974
3004
2288
2896
199
198
2066
2289
195
194
197
196
191
190
193
192
3678
3679
3672
3673
3670
3671
3676
3677
3674
3675
2543
2542
2541
2540
2547
2546
2545
2544
3006
1274
2549
2548
1104
2381
2380
2383
2382
2385
2384
2387
2386
2389
2388
1103
3580
3581
2769
3583
3584
3585
3586
3587
2763
3589
2761
2760
2767
2766
2765
2764
902
903
900
1848
906
907
904
905
1843
1842
1841
1840
1847
1846
1845
1844
3250
2169
2168
3251
2165
2164
2167
2166
2161
2160
2163
2162
2617
2616
2615
2614
2613
2612
2611
2610
3254
4082
2619
1947
3868
3298
1944
1908
1909
3294
1907
1904
1905
3290
3291
1900
1901
3452
3453
856
857
3456
3457
3454
3455
3458
3459
858
859
3293
6
2463
740
741
742
743
744
745
746
747
748
749
1799
3063
3062
3061
3060
3067
3066
2949
2948
2947
2946
2945
3068
2943
2942
2941
2940
1050
1051
1052
1053
1054
1055
1056
1057
1058
1059
718
2152
1696
1697
1694
1695
1692
1693
1690
1691
1791
1698
1699
1278
1279
618
619
612
1271
610
611
616
617
1276
615
1795
2596
710
3333
2377
3119
3118
3117
3116
3115
3114
3113
3112
3111
3110
1472
1473
1470
3330
1476
1477
1474
1475
3337
1478
1479
3336
1304
1305
1306
1307
1300
3335
1302
1303
1497
1308
1309
2804
3590
498
499
2590
1499
494
495
496
497
490
491
492
493
24
25
26
27
20
21
22
23
3594
28
29
3939
3938
3935
3934
3937
3936
3931
3930
3933
3932
1241
1516
1705
1601
3841
3840
3843
3842
3845
3844
3847
3846
3849
3848
1600
1785
4044
4045
4046
4047
4040
4041
4042
4043
4048
4049
7
3982
3665
3664
3667
3666
3661
3660
3663
3662
2280
2281
2282
2283
3669
2285
2286
2287
446
1605
2578
2579
2576
2577
2574
2575
2572
2573
2570
2571
2059
2378
2379
2058
2374
2375
2376
1604
2370
2371
2372
2373
3593
2595
3591
2597
3597
2591
2592
2593
3599
3598
2598
1085
1876
1877
1874
1875
1872
1873
1870
1871
600
1607
1878
1879
977
976
975
974
973
972
971
970
596
979
978
182
183
180
181
186
187
184
185
2110
2111
188
189
2114
2115
2116
2117
2622
2623
2620
2621
2626
2627
2624
2625
2628
2629
60
1919
1918
3289
3288
3287
3286
1913
3284
3283
3282
1917
3280
869
868
2113
3449
3448
516
861
3444
863
862
3441
864
867
866
2756
2757
2754
2755
2752
2753
2022
2023
3144
3239
2028
2029
2758
2759
883
882
881
880
887
886
885
884
889
888
2824
3149
4014
657
63
353
654
352
775
774
777
776
771
770
773
772
779
778
77
76
2978
2979
73
72
71
3059
2972
3057
3054
3055
3052
3053
3050
78
1043
1042
1041
1040
1047
1046
1045
1044
1049
1048
1681
3027
1683
1682
1685
1684
1687
1686
1689
1688
3983
2981
3724
1269
1268
669
668
667
666
665
664
1267
662
1265
2986
1911
2985
1910
3095
3020
3285
3725
3128
1912
3122
3123
3120
3121
3126
3127
3124
1914
421
1723
1469
3281
1465
1464
1467
1916
1461
1460
1463
1019
1317
1316
1315
1314
1313
1312
1311
1310
3276
1319
1318
3976
2060
3277
528
529
3445
860
3447
3948
3949
319
3446
3403
3940
3941
311
3943
3944
316
315
314
3299
3443
3442
2024
3195
1531
2025
2026
1335
2027
1334
2020
441
2021
1336
2750
420
1331
2751
1330
1333
444
4057
4056
4055
4054
4053
4052
4051
4050
2324
4059
4058
405
2461
3610
3611
3612
2298
3614
3615
3616
3617
2293
2292
2291
2290
2297
2296
2295
2294
909
2982
2569
2568
2140
288
2561
2560
2563
2562
2565
1615
2567
403
908
1521
2369
2368
2367
2366
2365
2364
2363
2362
2361
2360
2587
2586
2585
2584
2583
2582
2581
2580
865
2589
2588
1861
1860
1863
1862
3728
3729
1867
1866
1869
1868
3726
3727
3720
3721
3722
3723
964
965
966
967
960
961
962
963
401
968
969
1532
2109
2108
2103
2102
2101
2100
2107
2106
2105
2104
30
2639
2638
2635
2634
2637
2636
2631
2630
2633
2632
1560
3438
641
878
3093
876
877
874
875
872
3435
3436
871
2037
2740
2035
1242
2745
2744
2031
2030
2749
2748
2039
2038
890
891
892
893
894
895
896
897
898
899
646
3651
649
1247
1248
1968
3237
3544
3545
3546
3547
3540
3541
3542
3543
1619
3548
3549
1964
1965
1614
3069
2965
2964
768
769
2961
2960
2963
2962
762
1960
1782
1783
2969
2968
764
1787
3049
3048
1610
3041
3040
3043
3042
3045
3044
3047
3046
1078
1079
1076
1535
1074
1075
1072
1073
1070
1071
1678
1679
3030
1674
1675
1676
1677
1670
1671
1672
1673
1094
1095
1096
1097
1090
1091
1092
1093
674
675
676
677
1098
671
672
673
3135
3134
3137
3136
3131
3130
3133
3132
3139
3138
1997
645
1915
855
1418
1419
1410
1411
1412
1413
1414
1415
1416
1417
1322
1323
1320
1321
1326
1327
1324
1325
1328
1329
1621
2494
5
564
647
1620
1256
1525
1254
1255
1520
1253
1250
1523
1528
1529
1258
1530
308
309
3959
3958
300
301
302
3950
304
305
3955
3954
1792
2254
75
74
3058
70
2475
3415
3056
2474
2973
2970
4062
4063
4060
4061
1966
4067
4064
4065
2976
4068
4069
1603
2974
3051
3603
3602
3601
3600
3607
3606
3605
3604
3609
3608
984
2478
470
114
2990
117
2358
2359
2352
2353
2350
2351
2356
2357
2354
2355
1898
1899
3739
3738
3737
1895
3735
1897
3733
1891
3731
3730
2136
958
2134
2135
2132
2133
2130
1680
951
950
953
952
955
954
2138
2139
3203
3971
477
2648
2649
2784
2640
2641
2642
2643
2644
2645
2646
2647
1441
3429
3428
3423
3422
3421
3420
3427
3426
3425
3424
2002
2003
2000
2001
2006
2007
2004
2005
3033
2008
2009
2995
2118
3331
2852
937
3557
3556
3555
3554
3553
3552
3551
3550
3559
3558
1263
1262
717
2176
504
1261
918
2910
2911
2912
2913
2914
2915
719
2917
2918
663
715
714
1797
712
2854
1794
661
716
660
917
4078
1069
1068
916
1061
1060
1063
1062
1065
1064
1067
1066
3023
1669
1668
1667
1666
1665
1664
1663
1662
1661
1660
1087
590
593
592
1083
594
597
1080
599
598
1089
1088
3140
3141
3142
3143
2828
3145
3146
1709
3148
2825
2826
2827
2820
2821
2822
2823
3386
3387
3384
3385
3382
3383
3380
3381
2032
3388
3389
713
1409
1408
1403
1402
1401
1400
1407
1406
1405
1404
1546
449
448
1339
1338
1491
693
443
442
1337
440
447
1544
445
1332
65
501
691
1432
1542
1543
1933
39
38
694
3260
33
32
31
695
711
36
35
34
1537
1240
643
3091
1245
1244
3094
1246
1249
648
3098
3099
1539
1538
1493
339
3267
335
334
337
336
331
330
333
332
2061
3125
543
3377
3898
3899
2980
1634
3892
3893
3890
3891
3896
3897
3894
1468
847
3466
1533
845
3464
8
3463
2119
3462
1353
1466
4079
3461
4075
4074
4077
840
4071
4070
4073
4072
3966
3967
3964
3965
3962
3963
3960
3961
3200
1462
3968
3969
3638
3639
3636
3637
3634
3635
3632
3633
3630
3631
1454
849
848
1991
2345
2344
2347
2346
2341
2340
2343
2342
3197
2349
2348
2469
1455
3253
3708
3709
1889
1888
3702
3703
1885
1884
3706
1882
3704
3705
2121
2120
2123
2122
2125
2124
2127
949
2129
947
944
1457
942
943
940
941
569
2410
2659
2658
642
565
2653
1450
2651
2650
2657
2656
2655
3039
3416
132
3414
130
3412
3413
3410
3411
139
138
3418
3419
1354
2019
2018
1930
2015
2014
2017
2016
2011
2010
2013
2012
1452
158
1937
2926
3562
3563
3560
3561
3566
3567
3564
3565
3034
3568
3569
1590
2903
2902
2901
2900
2907
709
2905
3035
704
705
706
707
700
701
702
703
88
89
82
83
80
81
86
87
84
85
1934
1658
1659
2487
601
1652
1653
1650
1651
1656
1657
1654
1655
586
587
584
585
763
583
580
581
3216
588
589
3153
3152
3151
3150
3157
3156
3155
2838
2837
2836
3159
2834
2833
2832
2831
1635
3391
3390
1434
3392
2051
1636
1430
1431
3399
418
1637
1438
419
1260
59
1349
1348
459
1340
451
1342
453
1344
1345
456
1347
1887
318
1886
1453
3700
766
2157
517
3701
3263
79
3368
1883
832
1266
3707
656
1503
1500
1501
1506
1507
1504
1505
3085
3084
1508
1509
3081
3942
658
3082
310
833
3945
3946
3947
3885
3884
3887
3886
3881
3880
3883
3882
1264
2126
3889
3888
946
2128
1210
568
945
752
2816
4008
4009
57
4000
4001
4002
4003
4004
1081
4006
4007
322
3970
3973
321
326
3974
3977
325
3979
3978
328
329
3629
3628
56
3621
3620
3623
3622
3625
3624
3627
3626
1722
1881
2330
1595
2332
2333
2334
2335
2336
1594
2338
2339
1341
3072
3073
1880
1591
835
3075
3715
3714
3717
3716
3711
1593
3713
3712
1592
3719
3718
3078
3079
53
2488
2489
2486
1599
2484
2485
2482
2483
2480
2481
3252
2248
2249
2652
2244
2245
2246
2953
2240
2241
2242
2243
995
994
997
2467
2460
990
2462
992
2468
998
120
121
122
3402
3405
3404
3407
3406
3409
129
2654
1020
133
520
1188
3417
2773
3378
131
2068
2069
2798
2799
1187
2792
137
2062
2791
2064
2797
2794
2067
1346
1185
135
1182
1849
134
3372
1086
1181
3579
3578
3575
3574
3577
3576
3571
3570
3573
3572
2666
2667
2664
2665
2662
2663
2660
2661
722
2668
2669
3668
2938
2939
2936
3257
2934
2935
2932
2933
2930
2931
948
1836
1837
1645
1644
1647
1646
1641
1640
3264
1642
1649
1648
3259
728
1526
1743
1838
1926
579
578
604
573
572
571
570
577
576
575
574
2808
2809
3168
3169
3166
2803
2800
2801
2806
2807
3160
2805
1421
1420
1423
1422
1425
1424
1427
1426
3364
3365
3366
602
3360
3361
3362
3363
731
730
733
938
735
734
737
736
739
2150
1084
2403
1359
1358
469
468
465
464
1351
466
461
460
1355
462
1749
1273
1039
2159
1519
1518
1515
1514
1517
934
1511
1510
1513
1512
959
281
3439
3395
1275
1798
3129
2904
3184
3185
3186
3187
3180
3181
3182
3183
3188
3189
1896
3397
582
3109
4019
4018
2112
4013
4012
4011
4010
4017
4016
4015
3396
357
356
355
354
3988
3989
351
350
3984
3985
3986
3987
3980
3981
359
1032
2299
43
3613
41
1033
2323
1111
2321
2320
2327
2326
2325
1446
3234
2329
2328
1445
289
3618
1444
2830
3619
1793
280
283
282
285
284
287
1114
3760
3761
3762
3763
3764
3765
3766
3767
3768
3769
1440
263
262
261
260
267
266
265
264
286
269
268
1290
2499
2498
1291
1893
1215
2491
2490
2493
2492
2495
258
2497
2496
259
1294
2259
2258
2257
2256
2255
1295
2253
2252
2251
2250
2477
2476
988
989
2473
2472
2471
2470
982
983
980
981
986
987
2479
985
115
252
1790
116
111
110
113
112
3244
119
118
3432
2785
3227
2787
2786
2781
2780
2783
2782
2789
2788
2079
2078
2073
2072
2071
2070
2077
2076
2075
2074
1388
1796
1389
3508
3509
1082
1026
3500
3501
3502
3503
3504
3505
3506
3507
2671
2670
2673
2672
2675
2674
2677
2676
2679
2678
2929
2928
2921
2920
2923
2922
2925
2924
2927
2564
3394
1252
708
2566
2906
1630
1631
1632
1633
3210
3211
1980
1981
1638
1639
530
3218
3219
1988
1989
1781
3222
480
2909
2815
2814
2817
2908
2811
2810
2813
2812
560
561
562
563
2819
2818
566
567
3179
3178
3171
3170
3173
3172
3175
3174
3177
3176
659
3379
1189
1186
3376
1184
3374
3373
1183
1180
3370
726
727
724
725
1748
723
720
721
1744
1745
1746
1747
1740
1741
1742
729
1164
1165
1166
1167
1160
3308
640
1163
1623
3309
1168
1169
2137
2148
3092
1489
1366
1488
48
49
46
47
44
45
42
2034
40
3214
1568
1569
1298
1299
1788
1292
1293
1562
1563
1296
1297
1566
3192
797
3191
796
591
2033
1711
794
1789
2322
793
2599
792
791
732
1201
790
472
473
1364
3194
476
1363
474
1361
1865
478
479
2916
3699
1368
1864
