3922
3923
3926
3927
3925
3929
2304
164
4024
4025
4023
4020
4021
4029
3857
347
340
3851
3997
3996
3995
3994
348
3990
3689
2316
2317
2312
2310
296
297
295
3771
3777
195
3778
270
272
274
276
277
3671
3676
2543
2542
2547
2546
2544
2548
1456
2381
2268
1105
2387
2386
2389
2263
2261
1103
2441
2447
2444
2445
3589
2448
2764
109
2515
106
104
903
900
2045
906
2040
909
1847
2048
2512
2167
2166
2161
2162
2617
3253
2613
2612
2610
2619
3298
1909
1907
3296
1902
3291
752
1901
3451
850
3457
3454
3513
3512
858
2689
2684
2685
2680
849
2738
3018
99
3392
95
94
3207
1622
3205
1992
3203
1994
1997
1624
1998
3208
3859
2860
742
558
2866
2867
2868
554
557
556
552
3063
3062
1798
3067
2949
2948
3069
3068
2943
2941
2940
1198
3348
3349
1054
1056
1058
3343
3340
1192
3346
3347
3344
1196
1696
1690
1758
1757
1755
1753
1752
1751
1177
1176
1174
1173
1009
1171
1170
612
1271
616
1275
614
1178
511
1795
1490
1287
1281
1280
3118
3116
3115
1289
3112
1472
1470
1578
689
1474
685
1572
1571
686
1577
1575
1305
1306
1307
3335
1302
1349
872
1308
3590
499
494
495
496
491
492
2458
24
25
26
20
21
1220
1340
405
404
1375
402
400
1379
409
408
3836
3837
3939
3938
3935
3936
3931
3839
3933
1345
4035
4034
4036
1728
378
3843
3845
3844
3846
371
372
374
3916
393
391
396
395
399
398
4040
4041
2301
2300
2305
4049
2307
7
3982
3664
3667
3661
3660
3662
3747
3744
2283
3669
3743
2287
244
246
240
248
2275
2277
2276
2271
2270
2579
2576
2575
2572
2573
2571
2378
2374
2377
2371
2594
2595
2596
2597
2591
1086
2454
3598
2451
2599
2453
2452
1876
1874
1873
179
177
174
173
2051
2050
975
974
2055
972
2057
2056
2281
979
182
2119
1501
186
187
2110
188
189
1507
2622
2623
2620
2621
2627
2624
2629
3526
3527
3525
3522
3289
3521
3286
1913
1912
1915
3528
3280
869
868
3449
861
862
865
3440
3442
2026
2020
2699
2696
2694
2693
2029
2691
2690
882
881
887
1973
889
888
1972
3149
3222
3233
1969
1618
1619
1964
1965
1614
3239
1960
1613
1610
775
774
2871
776
771
2875
778
3354
2978
3353
70
3056
655
3054
3055
3052
3358
3050
1043
1919
1045
1918
3028
1680
1768
1682
1684
1687
1686
1762
1763
1761
1766
1767
1143
1146
1147
667
666
1148
3288
663
1266
1264
3021
1910
3787
690
691
696
3122
698
699
1548
1549
542
543
1504
546
1917
545
1465
1467
1466
2844
1463
1317
1313
1312
1310
2700
1318
2841
1017
17
528
1011
414
417
1389
412
1387
1380
419
3824
3823
3822
3820
3940
311
3943
3946
3828
2768
3585
3587
2762
366
364
365
363
1260
2750
381
383
385
3840
388
4057
4052
4050
2028
4058
2758
2299
3616
3753
2290
2297
2296
2190
2191
259
2197
253
250
256
254
2204
2205
2206
2560
3903
1615
2369
2368
2367
2360
2428
2429
2585
2581
2423
2425
2589
1863
168
3729
1866
1869
166
161
3723
964
965
966
3688
960
904
963
3681
3680
3685
2518
2102
2517
2107
2106
2105
2734
2736
2737
2639
2732
2635
2634
2636
2631
2739
3460
3531
3530
3533
3537
1550
1090
3198
1814
1537
1810
1811
1812
1813
1818
3435
871
2741
2036
2742
2745
2032
2031
2746
9
2039
3097
890
891
895
897
898
439
1099
3237
3544
3545
3547
3541
1979
1601
1975
3221
3549
1606
809
1617
803
802
800
807
806
805
804
1788
1789
1967
2961
2849
1780
1781
760
2845
1784
2843
1787
3320
3048
3328
3040
3045
1775
3971
1776
1771
1078
1772
1075
1779
1778
608
1674
3975
3807
1672
327
1094
1096
1097
678
1091
1093
1155
675
1157
1098
1150
672
1152
3135
3137
3136
3130
3133
3038
2999
1553
1552
59
1556
1559
2991
3036
3037
3030
2995
3032
1418
3034
534
532
530
1410
1412
1415
1416
538
1322
1323
2993
1327
1329
2996
1904
647
1903
1524
1254
1527
1520
1253
1522
1398
1396
1394
425
1258
309
3959
3817
3815
3953
301
3951
3819
304
305
3955
307
852
76
2778
3058
2972
1321
1840
3341
4066
4064
4065
3053
79
2772
3602
3600
3606
2238
3608
2183
2180
2776
2185
2184
226
223
222
2214
2218
2358
864
2350
2351
2357
2355
153
2438
157
2432
2977
2437
2435
2434
1898
3739
3738
3737
3736
3735
3734
3733
1892
3852
2136
2137
2134
2132
955
954
2138
1449
2507
2503
2501
2500
2648
2725
2722
2721
2640
2641
2642
2645
2728
1689
2850
2199
3782
1806
3428
1803
1802
1801
3420
3425
1808
2003
2001
2004
2009
3258
3259
1949
1941
3558
818
1263
810
919
814
1261
1521
2912
2913
2915
719
2917
2919
715
2852
2855
1621
711
1794
3333
1491
3331
1620
1494
1496
1497
1498
1499
3339
1626
1069
1068
1703
1705
1061
1393
1062
1065
1067
1667
3658
1665
1663
1660
1087
590
592
1083
1082
596
599
3556
1125
3143
3146
2825
2826
2827
2822
2823
3384
3029
3381
2981
3023
3022
3388
525
526
527
522
3952
1403
1402
1016
1400
1407
529
1013
1235
1231
1233
443
1334
1238
712
444
3954
3644
1933
33
30
37
1241
1536
1243
1242
1245
1244
1531
1530
649
648
434
435
1538
1493
3809
338
337
336
3801
333
332
3124
3125
1938
747
748
3896
3897
3894
3466
2801
4077
4076
4071
4070
4073
1460
2064
3965
3962
3963
3960
3961
3968
3969
2854
3065
3636
3634
3635
3632
996
239
234
236
230
2945
990
2345
2347
2346
2341
2343
2229
3197
992
2222
2220
1
147
144
142
140
141
149
4072
1888
3703
1885
3706
3707
1881
2120
2123
2125
948
949
2129
2128
2081
2086
943
940
2538
2539
2533
2530
2536
2712
2713
2658
2716
642
2653
2349
2718
2719
2654
131
3415
3412
3413
1830
3799
1837
2846
1835
3797
137
2154
2155
939
2405
2018
2152
2153
932
931
2016
2158
935
934
471
1691
1951
1959
3562
3563
3560
3248
3564
3241
3569
1990
1698
827
826
823
822
2900
1279
704
705
703
88
1480
1486
3306
181
3304
1488
84
85
1713
928
1711
794
1716
762
790
1718
1658
613
1652
1651
1656
1654
1655
586
1139
763
581
1274
1135
3153
3151
3157
3156
2839
2836
2834
2833
922
2830
1436
1437
1434
1435
3395
3397
3396
3399
924
1438
3155
2985
1730
1007
510
1005
1004
515
1001
516
1227
1226
1223
626
624
450
455
1229
318
1989
2880
2887
2884
2885
2888
2889
1502
1500
2
3089
3088
650
651
3085
1508
3942
3879
3874
3877
3885
10
3881
3880
3883
16
55
946
947
3272
3905
569
3908
3909
3364
4009
4000
322
321
326
3974
324
1476
329
3628
758
205
206
3622
3625
830
3626
1573
687
2239
2331
2332
1479
2334
2335
2337
2338
2339
3473
2235
2236
3715
839
3711
3713
2747
3496
3494
3492
3493
3490
2096
2091
3659
2093
3079
3654
3656
2013
3652
2525
2527
2521
674
2484
2485
2528
2481
2652
2651
2243
2464
2465
997
2467
2461
993
2463
2707
2706
999
998
120
121
122
2951
1821
1823
2068
2069
2413
130
2414
2141
920
2061
2790
923
2796
1184
2149
2067
1029
1922
3275
1924
3273
3271
1929
3476
3579
3578
834
835
3575
3574
838
3576
3573
3
2665
671
2669
2938
2664
2933
2931
3319
2352
1267
1836
3313
3314
3317
784
1644
787
780
781
1643
1729
1720
3330
573
572
571
576
574
3007
63
64
3168
3166
3167
3165
3009
2804
1589
3369
1426
1582
1583
3367
1586
3361
3363
731
2157
736
1032
1033
501
1212
1645
1359
1211
1216
636
638
639
1351
927
461
460
1355
1354
989
2225
1640
782
2898
2011
2897
783
1455
1104
3438
1518
1100
1516
1458
1570
4080
4081
4084
3863
3867
3864
467
1896
1890
3184
3185
3186
3187
3180
3181
3182
723
2342
466
1893
3188
3189
959
3915
283
3913
3912
3911
958
3919
2285
3506
1338
4018
4016
356
354
352
3984
3986
3987
359
211
2241
957
2172
2321
2320
2327
2326
2325
289
288
4
1115
1120
282
285
284
287
3489
3761
3763
3764
3765
3767
3768
1440
3484
263
261
260
3649
264
268
3640
2499
2552
2554
2557
3554
2490
2495
2494
2496
2396
2395
2392
2393
2390
2391
2256
2250
2477
2779
988
2474
2473
2472
2470
2770
2771
980
2773
986
2775
984
112
118
1858
2786
2781
2782
1850
2806
2788
1797
2173
2079
2078
2176
2177
2174
2073
2072
2071
911
913
912
2604
2605
2600
2601
1796
3261
1932
3263
1930
3264
1935
3266
3268
3434
1424
3467
846
845
844
3462
840
3500
3502
3503
3504
3469
3468
2671
2670
2679
459
2929
2922
2925
2926
2407
3214
1987
1636
1637
1731
1639
2904
1988
431
753
2814
757
2022
759
509
566
1595
739
1597
3073
3075
1593
1592
3171
2955
3174
3176
1027
1026
1023
1333
1186
3375
1185
1182
3371
724
1749
1744
1035
1741
1164
2587
607
1167
600
640
602
1204
1207
1168
1169
1203
633
83
469
1489
1366
3305
3108
3109
48
1367
46
47
2034
3103
1447
1446
1444
1443
1442
2795
1292
1562
1291
1296
1297
1566
1295
1219
1782
591
488
484
483
482
472
473
1364
3194
477
474
475
479
3699
1369
