3715
2713
213
5175
217
2718
1784
2843
2841
3321
4024
5475
4577
5506
4227
5502
5074
4707
5275
2527
2327
5827
2489
4901
1943
4903
2480
4670
405
96
2158
1671
816
3489
3488
1798
4337
4332
3887
4886
3932
3333
4161
3330
2453
1953
5466
128
1562
3641
6010
1828
1974
5300
4405
2314
2995
2804
1391
4482
5853
920
370
5682
4010
2902
2901
2900
1279
1120
194
311
700
702
192
3543
4659
5760
3279
2546
5255
3575
4720
2381
2385
5842
4490
3962
2261
425
363
1654
1655
2604
3583
2600
3817
2050
2763
3952
446
588
4218
3262
5320
3154
5124
4703
444
4545
4118
5776
3465
5244
5087
1723
4959
5626
4952
648
4950
4381
4954
579
4263
2458
2610
3618
1813
3598
1085
5030
2618
2190
5678
1060
5667
3003
2198
1900
170
5239
2880
5549
1057
4828
1426
3510
3219
5702
657
183
732
2688
2689
3941
3893
1508
5548
3113
1608
2922
39
99
4774
553
5897
3171
5638
5100
5652
4603
3177
3529
5180
15
4683
1023
1187
3680
3443
3370
1454
2518
3224
3176
1741
5799
5525
2862
606
600
5113
3835
2634
556
609
3316
1648
4619
1898
3066
1686
3539
5643
5947
5218
4165
3108
878
879
4552
1615
2298
1111
2032
1290
1753
5929
4258
892
735
2876
5069
5875
1275
3875
5530
1161
3702
5045
2167
78
3070
5363
4184
4925
4154
2126
4916
2083
945
3283
6137
2371
6035
1360
2077
4585
4377
4583
