217
213
5175
2713
2718
1784
2843
1786
2841
3321
4024
5475
4470
4227
491
5074
4707
5275
2527
2327
2489
4901
1943
4903
2480
5620
1371
819
402
2956
2158
3835
1798
4337
4332
5180
3333
3330
2453
1953
1290
3641
2190
4734
1974
5300
1060
2314
4879
1391
370
5682
1383
2902
2901
4258
1120
194
700
702
192
271
4208
4552
5760
3279
2546
3575
4720
2381
2385
2518
425
363
1654
1655
2604
2600
3817
5947
2763
446
3955
444
588
5320
3154
5678
4118
5776
39
5244
1723
34
4959
5626
648
4950
4381
4954
579
2298
2458
3618
1813
3598
4184
5030
2618
5331
5667
3488
2198
4670
2804
170
5239
2880
5549
1426
3510
3219
657
732
2688
4263
3893
1508
4161
5363
3465
99
1085
5897
5898
5100
3283
4603
96
3171
3887
4683
2126
3443
3370
1454
3962
2083
5652
1741
1513
2862
606
1161
5113
2465
2634
556
609
1898
3066
3539
5643
5218
4165
4925
879
4659
1615
1111
2032
1562
1753
5929
5335
1279
892
735
5069
3875
5530
5045
1881
78
3070
1608
878
4154
3785
4916
3224
1057
3113
6137
2371
4583
1360
1686
4585
4377
6035
