666
663
2097
2090
90
2098
692
1949
696
2488
695
2484
1467
814
2241
2242
2464
2465
2851
2842
2852
713
2469
711
1318
121
122
1067
2311
412
1668
920
2791
1380
198
1081
1122
1127
275
1926
2824
1929
2820
833
830
831
2547
2983
1005
526
2662
369
1400
1546
2936
2284
447
2933
384
100
784
781
2040
2048
1532
1248
2617
2616
579
2612
334
577
2191
253
250
2806
2805
2206
1429
1583
1584
733
734
739
501
1211
2583
468
464
2423
2426
1354
1860
111
844
1867
165
93
94
162
1622
1627
1997
1106
1463
1453
2101
2510
2511
2861
2736
2635
2738
3067
237
1050
2346
2340
879
877
875
1196
1697
2035
1758
1753
146
892
1156
1173
899
611
1276
1889
1887
1884
1883
1882
1881
1880
1609
2088
2122
948
1978
2082
2084
1573
806
216
217
768
1615
1308
2968
218
2654
3048
41
2323
1830
2325
28
2743
1371
1373
938
403
2152
2153
1379
287
1672
1673
331
1691
1153
1152
260
267
1950
59
2556
61
2490
56
52
829
821
605
2900
2906
1324
2904
706
117
1487
112
81
1712
792
2304
2170
2177
2070
1393
580
1131
304
1136
307
247
242
2837
458
846
2063
843
1433
1431
292
3015
2677
513
2370
2373
1348
1226
2597
1223
1222
624
2920
452
1345
2927
2474
1870
174
2052
971
1907
2119
186
1506
1328
753
2186
1593
1592
2954
2334
12
14
2218
865
2024
724
2021
2750
2698
2352
2353
2350
2351
2355
151
881
1167
1160
602
1207
888
1201
1200
1387
1890
2130
49
952
2138
956
1117
325
1291
2648
2649
2874
208
2647
2932
3059
2977
1807
1806
1047
1044
2339
2233
2234
473
1365
1684
2005
1762
478
