217
213
5175
2713
2718
1784
2841
3321
4470
4227
5502
491
5074
2527
1943
4381
2480
5620
1371
819
405
402
2158
1671
3489
3835
1798
4337
5069
4886
3333
2453
1953
1562
3641
5300
1060
4879
1654
1655
1383
2902
2901
1279
194
700
192
3543
4208
5760
3279
3575
4720
2381
2385
4490
2261
425
1391
5682
3583
3817
5947
2763
3952
446
3955
444
5320
4545
5776
5244
5087
1648
4959
5106
5626
648
4950
2371
4954
3618
2456
4184
5030
2618
2190
5667
170
5239
2880
1426
3510
3219
5702
183
2688
2689
5652
735
1608
3875
99
5897
5898
5100
3283
3177
5180
15
4683
3785
3443
1454
3962
3224
1741
1513
2862
1161
5113
3488
2634
553
1723
4619
657
4165
878
1057
1615
1111
1290
5929
4258
892
2876
1275
5530
5045
78
5363
4161
4154
2126
3598
2083
3113
1360
4583
