210
763
664
767
133
132
498
499
226
494
495
490
338
429
691
697
694
323
404
341
342
666
283
285
453
678
679
719
718
716
676
670
672
330
263
261
266
265
127
268
328
58
57
56
53
537
415
534
532
298
413
371
373
375
539
538
591
590
592
199
198
195
559
196
700
190
270
114
116
275
276
278
279
81
118
85
378
524
525
526
520
421
528
361
308
582
25
443
301
440
304
305
445
444
244
27
241
243
242
589
249
248
39
381
31
30
36
519
640
383
377
647
649
384
376
515
433
431
623
151
621
578
339
626
625
624
335
334
571
570
454
576
62
64
65
252
296
175
251
257
170
101
730
602
654
656
657
180
2
735
481
736
652
188
78
502
503
202
659
631
632
750
756
400
754
638
562
651
463
567
229
228
165
223
161
12
15
738
18
709
390
720
158
605
153
152
601
154
156
554
609
550
113
90
641
42
43
1
465
5
325
155
715
477
146
200
144
145
142
149
77
436
615
70
487
484
483
482
79
205
120
512
514
473
355
476
352
685
687
516
