3715
2713
5897
5898
4024
4025
4020
4577
5506
4470
5502
225
693
2527
4149
5827
2489
4901
1943
4903
2485
2482
4670
819
1723
2385
3529
816
5842
2465
1799
2913
1311
5069
2857
4887
3333
3330
5466
128
6092
5239
2261
1828
4734
5300
4405
2314
4879
5079
1654
412
5853
5915
295
2066
1660
1085
5395
194
311
5747
2782
1126
192
271
3443
277
279
5422
4659
2821
3817
2546
3575
4288
3571
2098
2381
4495
5689
2660
4490
2389
1402
1400
363
5682
3583
1232
5275
2763
446
444
5672
588
5320
2327
101
106
5776
39
5244
1648
5242
4959
5799
4431
5875
4952
648
4950
432
4381
4954
579
2298
3616
2610
3618
2862
2618
2190
606
4105
3003
2198
4361
1900
860
3519
3457
1426
2560
3510
5702
732
2688
2689
4263
2388
3316
5026
4776
1379
4774
1864
4447
164
5652
4377
4915
5180
4683
4937
5222
3680
1454
3962
2101
1516
1513
4764
3869
5116
5113
5112
2634
556
3633
553
4427
4619
3062
1798
3066
2949
235
3539
4610
34
2940
3068
878
1057
3433
5871
2032
1756
2944
5929
1279
892
143
670
1275
149
5530
4886
3702
2167
4460
1609
1608
4161
4154
2126
4916
2083
4011
945
3113
4661
4662
6035
216
217
213
5175
2718
1784
2843
1786
2841
3321
6127
5475
6122
4227
491
5074
4707
1833
4703
4701
5626
3797
5100
4709
5620
1371
405
402
2400
5335
4010
5908
2158
1671
2408
3489
3835
3598
879
4337
4332
3932
3248
5030
1953
1562
3641
4165
3562
6010
1552
59
2456
1753
2995
2496
5692
5693
5118
5587
4482
371
370
827
2250
2902
2901
2900
5016
4258
700
987
702
88
3150
1489
398
87
5760
796
792
5255
4720
428
2804
4969
3620
425
1391
1655
2604
2051
2600
1813
580
2050
3952
3957
2285
3955
589
920
3262
2839
3154
5124
3159
3158
4545
4118
5408
3465
1432
4828
5087
3505
2571
3365
4484
1383
2371
623
3591
2077
2458
223
2922
4184
2453
5331
2474
5667
3488
5548
170
977
5947
2880
3217
4064
1637
3219
1800
183
181
1881
6044
3941
735
1508
78
5781
2626
5363
3875
3070
2181
5109
315
3520
3893
3171
2955
2956
3283
4603
3177
3176
3887
15
14
1023
1186
1187
3543
6141
3371
3370
99
2755
2020
720
3224
1740
1741
4218
1974
601
1161
2281
609
6137
4453
4649
1898
5525
5211
5643
657
4921
3108
4925
1615
955
1111
5549
327
1290
3279
1449
776
2876
3883
2518
2643
679
2322
4208
5045
5739
4287
4399
1040
5638
3785
3420
5447
4395
5106
476
1360
1686
4585
1763
1361
3954
4583
