344
346
347
340
342
343
2918
348
349
2318
2319
2317
2314
2315
2312
2313
2310
2311
298
299
296
297
294
295
292
293
290
291
270
271
272
273
274
275
277
278
2268
2269
2262
2263
2260
2261
2266
2267
2264
2265
2442
2441
2446
2447
2444
2445
2448
2449
2189
108
109
102
103
100
101
106
104
105
2047
2044
2045
2042
2043
2040
2041
2048
2049
2688
2684
2685
2686
2687
2680
2681
2682
2683
645
99
98
90
93
92
95
94
97
96
1991
1622
1993
1992
1995
1626
1625
1624
1999
1998
1629
1628
2860
2861
2862
2863
2864
2865
2866
2867
555
554
557
556
551
550
553
552
1199
1198
1191
1190
1193
1192
1195
1197
1196
1759
1758
1757
1756
1755
1754
1753
1752
1751
1750
1177
1175
1174
1173
1172
1171
1170
1179
1178
1007
1006
1005
1285
1284
1287
1286
1280
1283
1282
1003
1289
1288
514
1579
689
688
685
684
687
1570
1577
1576
1575
682
623
1226
1225
1224
627
626
2741
1221
2740
624
2035
1371
1370
1373
1372
1375
1374
401
400
1379
1378
452
409
408
453
2031
1242
2746
1345
456
1347
265
379
378
647
370
373
375
374
377
376
1244
393
392
391
390
397
396
395
394
399
398
2309
2301
2300
2303
2302
2305
2304
2307
2306
245
244
247
246
241
240
243
242
249
248
2275
2274
2276
2271
2270
2273
2272
2279
2278
2459
2458
2455
2454
2457
2456
2451
2450
2453
179
178
177
176
175
174
173
172
171
170
2051
2053
2052
2054
2057
1503
2059
2058
1500
655
652
653
650
1505
2699
2698
2697
2696
2695
2694
2693
2692
2691
2690
1974
1973
1972
1971
1970
1362
1968
1969
1618
1619
1616
1617
1614
1967
1960
1613
1962
1963
1363
2873
2872
2871
2870
2877
2875
2874
2879
2878
1768
1762
1763
1760
1761
1766
1767
1764
1765
1142
1788
1140
1141
1146
1144
1145
1148
1149
768
769
692
1547
690
691
696
1543
1540
1541
699
1549
542
762
540
541
546
547
544
548
549
760
761
766
1785
1786
1787
414
415
416
417
1388
1389
412
413
1385
1386
1387
1380
1381
1382
1383
368
369
366
367
364
365
362
363
360
361
380
381
382
383
384
385
386
387
388
389
2191
258
2193
2194
2195
2196
2197
2198
253
250
251
256
257
254
2200
2202
2203
2205
2206
2208
2209
2428
2429
2420
2421
2422
2423
2425
2426
2427
901
168
169
164
165
166
167
160
161
162
163
2518
2519
2514
2515
2516
2517
2510
2511
2512
2513
2734
2735
2736
2737
2730
2732
2733
2738
2739
2797
678
679
1814
1815
1816
1817
1810
1811
1812
1813
1818
1819
1099
1609
1608
1979
1978
1976
1603
1602
1605
1604
1607
1606
809
808
803
802
801
800
807
806
805
804
2848
2849
2846
2847
2845
2842
2843
2840
909
1775
1774
1777
1776
1771
1770
1773
1772
1779
1778
2998
1159
1158
1550
1157
1156
1151
1150
1153
1152
1555
58
1551
2999
1553
1552
3038
1554
1557
3034
54
3036
56
51
50
53
3033
1559
535
534
532
531
530
2992
539
3037
1558
3030
2995
2805
3032
2997
1975
536
429
428
1399
1398
1397
1396
1395
1394
425
1392
427
1390
2183
2182
2181
2180
2187
2186
2185
2184
227
226
225
2188
223
222
221
220
2213
2211
2210
2217
2216
2215
2214
2219
2218
151
150
2439
152
155
154
157
156
2433
158
1293
2430
2437
2436
2435
2434
2509
2508
2507
2506
2505
2504
2503
2502
2501
2727
2726
2725
2724
2723
2721
2720
2729
2728
1807
1806
1805
1804
1803
1802
1801
1800
1808
1256
1949
1525
1942
1943
1941
1946
1947
1944
1945
818
1527
810
811
812
813
814
815
816
817
2859
1623
1990
2851
2850
2853
1251
2855
2854
2857
2856
1490
1491
1492
1493
1494
1495
1496
1497
1498
1499
1700
1701
1702
422
1704
1705
1706
1708
1709
1996
424
426
1128
1129
1120
1121
1122
1125
1126
1127
2989
2988
3029
3027
2982
2981
3024
2987
3022
2985
3020
524
525
526
527
1018
1019
522
523
1014
1015
1016
1017
1010
529
1012
1013
1234
1235
1236
1237
1230
1231
1232
1238
1239
438
2487
436
437
434
435
432
433
430
473
558
2868
2869
1162
1961
2464
3065
2465
997
2467
238
239
234
235
236
237
230
231
232
233
2944
993
2228
2229
2226
2227
2224
2225
2222
2223
2220
2221
1
146
147
144
145
142
140
141
2468
148
149
2088
2089
2082
2081
2086
2087
2084
2085
2538
2539
2532
2533
2530
2531
2536
2537
2534
2535
2713
2710
2711
2716
2717
2715
2718
2719
1832
1833
1830
1831
1836
1837
1834
1838
1839
2154
2155
2156
938
2150
2403
2152
2153
933
931
930
2158
936
2408
1955
1954
1957
1956
1951
1950
1953
1952
2673
1959
1958
829
828
825
824
827
826
821
820
823
822
1482
1481
1480
1487
1486
1485
1484
1489
1488
1713
1712
1711
1710
1717
792
791
790
3050
1719
1718
2413
799
798
2412
1271
2415
1272
2414
1139
1138
2417
1133
1132
1131
1130
1137
1136
1135
1134
920
1276
2418
1277
2062
3019
3012
3013
3010
3011
3016
3017
3014
3015
519
518
926
511
510
513
512
515
1002
1001
1000
1227
622
621
620
1223
1222
625
1220
629
628
1229
1228
1535
2882
2883
2880
2881
2886
2887
2884
2885
2888
2889
2
11
10
13
12
15
14
17
19
18
928
201
200
203
202
205
204
207
208
1573
1571
2239
2238
2231
2230
2233
2232
2235
2234
2237
2236
1574
229
228
2095
2094
2097
2096
2091
2090
2093
2092
2099
2098
2525
2524
2526
2521
2520
2523
2522
2529
2709
2705
2704
2707
2706
2701
2700
2703
2702
1829
1828
2951
1825
1824
1826
1821
1820
1823
1822
2147
2146
2145
2144
2143
2142
2141
2140
2419
921
922
923
924
925
2149
2148
2411
1920
1921
1923
1924
1925
1926
1927
1928
1929
832
833
830
831
836
837
834
835
838
839
3
1986
1532
784
785
786
780
781
1728
783
1726
1727
1724
1725
788
789
1720
1721
252
468
153
3005
3004
62
2438
64
3000
66
3002
68
69
3009
3008
407
1588
1589
406
1582
1583
1581
1586
405
1584
1585
159
1038
404
508
509
1032
507
1030
505
502
1037
500
1035
1212
1213
1210
1211
634
635
1214
1215
638
639
1218
1219
2416
465
2899
782
2894
2897
1729
2891
2893
2892
1106
1107
1104
1105
1102
1103
1100
1101
1458
1459
1108
1109
1722
1723
681
680
958
461
2794
216
217
214
215
212
213
210
211
218
219
2138
956
462
2550
2551
2553
2554
2555
2556
2557
2559
3007
2397
2394
2395
2392
2390
2391
2398
2399
2778
2779
3003
2770
2771
2772
67
2774
2775
2776
2777
1858
1859
1851
1852
1853
1855
1857
2172
2173
2170
2171
919
2177
2174
2175
915
914
917
2179
911
910
913
2604
2605
2606
2607
2600
2601
2602
2603
2608
2609
1933
1932
1931
1930
1937
1936
1935
1939
1938
1348
847
846
845
844
843
842
841
840
1426
849
848
2406
663
1587
1739
1738
1731
1730
1732
1735
1737
1736
1039
753
752
751
750
757
756
755
754
759
1595
1594
1597
2958
1590
1593
1033
2954
2955
2956
2950
504
2952
2953
1025
1024
1027
1031
1021
1020
1023
1022
1036
1029
1028
2402
1034
501
224
607
606
601
1208
603
602
1205
1204
1207
1206
609
1200
1203
1202
633
935
1217
636
1447
1446
1445
1112
1115
1114
1117
1440
1119
1118
1449
1448
1350
2401
1355
489
488
487
486
485
484
483
482
481
480
1565
992
2898
2896
199
198
194
197
196
191
190
193
192
2543
2542
2541
2540
2547
2546
2545
2544
3006
1274
2549
2548
1456
2381
2380
2383
2382
2385
2384
2387
2386
2389
2388
1451
2769
2768
1452
2763
2762
2761
2760
2766
2765
2764
902
903
900
1848
906
904
905
1842
1841
1840
1846
1845
1844
2169
2168
2165
2164
2167
2166
2160
2163
2617
2616
2615
2614
2613
2612
2611
2610
2619
2618
1908
1909
1906
1907
1904
1905
1903
1901
854
855
856
857
850
851
852
853
858
859
6
740
741
742
743
744
745
746
747
748
749
2912
3063
3062
3060
3067
3066
2949
2948
2947
2946
2945
3068
2943
2942
2941
2940
1050
1051
1052
1054
1055
1056
1057
1058
1059
2917
1696
1697
1695
1692
1693
1690
1691
1699
1278
1279
618
619
613
610
611
616
1275
614
615
1795
1794
2469
1472
1473
1470
1471
1476
1477
1475
1478
1479
1304
1306
1307
1300
1301
1302
1303
1308
1309
498
499
495
496
497
490
492
493
25
26
27
20
21
22
23
28
29
1241
1600
7
2288
2289
2280
2281
2282
2283
2284
2285
2286
2287
411
2578
2579
2576
2577
2574
2575
2573
2570
2571
2378
2379
2374
2375
2377
2370
2371
2372
2373
2594
2595
2596
2597
2590
2591
2592
2593
2598
593
1876
1877
1874
1875
1872
1873
1870
1871
595
1878
977
976
975
974
973
972
971
970
1080
979
182
183
180
181
186
184
185
2110
2111
2112
2113
2114
2115
2116
2117
2622
2623
2621
2626
2627
2624
2625
1919
1918
1910
1913
1912
1915
1914
1917
1916
869
868
189
861
860
863
862
61
864
867
866
2756
2025
2026
2027
2752
2753
2022
2751
2028
2029
2758
2759
883
882
881
880
887
886
888
63
774
777
776
771
770
773
772
779
778
419
77
76
2978
2979
73
72
71
3059
3056
3057
2970
2971
2976
2977
2974
78
1043
1042
1041
1040
65
1046
1045
1044
1049
1048
1681
1680
1683
1682
1685
1684
1687
1686
1689
1688
3025
1269
1268
1263
3023
1261
664
1267
662
661
1264
3021
2984
421
1469
1468
1465
8
1467
1466
1461
1460
1463
1462
1317
1316
1315
1314
1311
1310
1319
1318
2460
528
1011
319
318
313
865
311
310
317
316
315
314
2024
2757
1335
2755
442
2020
441
2021
440
2750
2322
1331
2023
446
2320
1333
444
2983
2461
2299
2298
2291
2290
2297
2295
2294
2569
2568
2561
2560
2563
2562
632
1615
2567
403
908
2369
2368
2367
2366
2365
2363
2361
2360
2587
2586
2585
2584
2583
2582
2580
402
2589
1861
1860
1863
1862
1865
1864
1867
1866
1868
964
965
966
967
960
961
962
963
968
969
2108
2103
2102
2101
2100
2107
2106
2105
2104
2639
2638
2635
2634
2637
2636
2631
2630
2633
2632
1560
641
1611
878
879
876
877
875
872
1243
871
2037
2036
2743
2742
2745
2744
2747
2030
2749
2748
2039
2038
890
891
892
893
895
896
897
898
899
1249
648
1965
2965
2964
2967
2966
2961
2960
2963
2962
1780
1612
1782
1783
2969
2968
764
765
3048
3041
3042
3045
3044
3047
3046
1078
1079
1077
1075
1072
1073
1070
1071
1678
1679
1674
1675
1676
1677
1670
1671
1672
1673
1094
1095
1096
1097
1090
1091
1092
642
674
676
670
671
673
1997
1533
1418
1419
1410
1411
1412
1413
1414
1415
1416
1417
1322
1323
1320
1321
1326
1327
1324
1325
1328
1621
1531
1620
1524
1257
1254
1255
1520
1253
1522
1523
1528
1529
1258
1259
308
309
1627
302
303
304
305
306
307
75
74
70
2972
989
2973
3055
3052
79
3051
2773
2479
1047
985
470
2990
2358
2359
2352
2353
2350
2351
2356
2357
2355
2991
112
1899
1894
1895
1896
1443
1890
1891
1892
1893
959
2137
2134
2135
2132
2133
2130
2131
951
950
953
952
955
954
957
2139
2648
2649
2993
2640
2641
2642
2643
2644
2647
2994
2002
2003
2000
2001
2007
2004
2005
2008
2009
506
2852
667
1262
2176
665
2910
2911
1799
1798
2914
719
718
717
2919
1790
713
712
711
710
1265
716
660
2178
1069
1068
916
1061
1060
1063
1062
1065
1064
1067
1066
1669
1668
1667
1666
1665
1664
1663
1662
1660
1087
1086
1085
592
1083
594
1081
596
599
598
1089
714
2828
1526
2824
2825
2826
2827
2820
2821
2823
1409
1408
1403
1400
1407
1406
1405
1404
1546
449
1339
693
443
1334
1337
1336
447
1330
445
1332
1545
1542
39
38
33
32
31
695
37
36
35
34
1537
1536
643
1534
1245
644
1247
646
649
1248
1539
1538
339
338
335
334
337
336
331
330
333
332
666
1634
2118
2063
1635
2119
1352
1454
2345
2344
2347
2346
2341
2340
2343
2349
2348
1455
2067
1889
1887
1886
1885
1884
1883
1882
1881
1880
2121
2120
2123
2122
2125
2124
948
2126
2129
2128
944
1457
942
943
940
941
2410
2659
2658
2653
1450
2651
2650
2657
2656
2655
3039
133
132
131
130
137
136
134
139
138
1354
2019
2018
2920
2015
2014
2017
2016
2010
2013
2012
1793
1453
2903
2902
2901
2900
2907
2906
2905
3035
705
706
707
700
701
702
703
88
89
82
83
80
81
86
87
85
1658
1659
1652
1653
1650
1651
1656
1657
1654
1655
586
587
584
585
582
580
581
588
589
1633
2839
2838
2837
2836
2835
2834
2832
2831
2830
1437
1434
1435
1432
1433
1430
1431
1981
1438
1439
1260
59
1349
3031
458
459
450
451
1342
1343
1344
455
1346
457
1377
517
1266
656
657
654
1501
1506
1507
1504
651
1508
1509
767
658
659
2127
55
949
946
947
631
945
57
1376
188
322
323
320
321
326
327
324
325
329
564
1340
565
2330
2331
2332
2333
2334
2336
2337
2339
1341
2959
1592
2488
2489
2486
1599
2484
2482
2483
2480
1598
2248
2249
2652
2245
2246
2247
2241
2242
2243
995
994
2466
996
991
990
2462
2463
999
998
120
121
122
123
124
125
126
127
128
129
2654
1295
2068
2069
2798
2799
2792
2061
2790
2791
2796
2065
2066
2795
521
1849
2666
2667
2664
2665
2662
2663
2660
2661
2668
2669
2938
2936
2937
2934
2935
2932
2933
2930
2931
1645
1644
1647
1646
1641
1640
1643
1642
1649
1743
1252
605
579
578
573
572
571
570
577
576
575
574
2808
2809
2803
2800
2801
2806
2807
600
1421
1420
1423
1422
1425
1424
1427
2407
1429
1428
2404
731
730
733
2405
735
734
737
736
739
738
1084
1359
1393
469
2400
1353
464
1351
466
1357
1356
463
608
1273
937
1519
1518
1514
1517
1516
1511
1513
1512
1004
280
723
617
357
356
355
354
353
352
351
350
359
358
43
2323
1111
2321
2793
2327
2326
2325
2324
2329
2328
1113
289
288
1444
281
5
283
282
285
284
287
1442
1441
1116
263
262
261
260
267
266
1792
264
286
269
268
1290
2499
1563
2491
2490
2493
2492
2192
2497
2496
259
1566
2259
2258
2257
2256
2255
2254
2253
2252
2251
2250
2477
2476
2475
2474
2472
2471
2470
982
983
980
981
986
987
984
2478
115
114
117
116
111
110
113
2199
119
118
2785
2784
2787
2786
2781
2780
2783
2782
2079
2078
2073
2072
2071
2070
2077
2076
2075
2074
1796
2671
2670
2060
2672
2675
2674
2677
2679
2678
1209
52
2056
2929
2928
2921
2565
2923
2925
2924
2927
2564
708
2566
709
1630
1631
1632
1985
1982
1983
1636
1637
1638
1639
2904
1988
1989
2815
569
2817
2816
2811
2810
2813
2812
560
561
562
563
2819
2818
566
567
1188
1189
1186
1187
1182
1180
1181
726
727
724
725
1748
1749
720
721
1744
1746
1747
1740
1742
729
1164
1165
1166
1167
1160
640
1163
1168
1169
472
2913
48
49
46
47
44
45
42
2034
41
1568
1569
1298
471
1292
1561
1562
1291
1564
1297
1294
1567
797
474
796
591
2033
795
1789
793
1716
1715
590
2032
1201
1714
1366
1367
1364
1365
476
477
1360
1361
478
479
2916
1368
1369
