344
345
346
341
342
343
348
595
719
718
717
716
715
714
711
710
298
299
296
294
295
292
293
290
291
591
590
593
592
199
198
596
195
598
197
196
191
190
192
270
271
273
275
276
277
278
279
524
525
526
520
521
522
599
528
529
449
448
443
442
440
447
446
445
444
102
103
101
107
104
105
39
38
33
32
31
30
36
641
640
643
642
644
647
646
436
648
434
435
432
433
430
431
339
338
335
334
336
331
330
333
332
745
555
6
90
93
95
97
96
740
742
559
558
746
747
748
554
557
556
550
552
238
239
234
235
236
230
231
232
233
1
146
618
619
142
143
140
141
612
613
610
611
616
617
614
149
194
689
688
685
687
683
682
458
459
133
132
131
130
498
499
135
494
495
139
138
490
491
493
25
26
27
20
21
22
23
28
29
407
406
405
404
400
409
408
628
379
378
371
373
375
377
376
709
705
706
707
700
701
702
393
392
88
89
397
396
395
82
83
399
81
86
84
85
607
586
587
584
585
582
580
588
589
245
244
247
241
148
243
242
615
249
248
519
518
511
510
601
512
515
514
517
516
623
622
621
620
626
625
624
450
451
452
453
454
455
457
179
178
177
176
175
174
173
171
170
657
654
656
183
180
2
652
653
650
185
186
188
658
659
651
10
12
15
14
17
16
18
568
752
322
323
320
321
325
328
562
200
203
202
205
209
208
77
76
72
71
70
655
79
78
669
668
667
666
665
664
663
768
660
769
692
690
691
696
697
694
695
698
699
543
541
544
8
548
549
120
122
124
125
126
127
128
765
563
415
416
417
411
412
413
137
418
419
319
313
312
311
310
316
315
314
496
497
368
369
366
367
364
365
362
361
218
380
381
383
384
385
386
388
389
605
578
150
572
571
570
577
576
574
60
61
62
63
64
65
66
252
253
250
251
256
257
255
157
156
731
730
733
732
735
737
736
506
738
502
503
500
630
631
632
469
468
636
465
639
467
466
461
460
463
462
168
164
165
166
167
160
161
162
438
439
649
357
356
355
354
353
352
351
359
358
216
217
214
215
212
213
210
211
762
763
760
766
767
764
219
289
4
281
280
283
282
285
284
286
678
679
674
675
676
677
670
671
672
263
261
260
267
266
265
268
59
58
54
57
56
258
53
52
537
535
259
532
530
539
538
50
115
114
117
116
110
113
69
119
118
429
534
421
420
423
422
425
424
427
308
309
301
302
303
304
305
307
144
240
145
753
569
750
757
756
755
754
560
561
759
758
564
565
567
739
229
228
227
226
225
224
223
222
220
726
727
724
390
720
721
728
729
151
604
153
152
155
154
603
602
158
112
609
634
635
48
49
46
44
45
42
43
41
638
5
464
508
489
488
487
486
485
484
483
482
481
480
509
472
473
470
476
477
475
478
479
187
