3922
3923
3925
2304
1321
4023
3258
1949
3253
3558
1263
347
3852
3997
919
3995
348
3990
1798
2915
1566
2919
715
2852
1797
712
1795
1992
1494
3335
1497
3339
1069
1703
1705
1061
2317
2312
1067
1258
1667
297
295
591
590
3777
1082
195
3778
270
272
3143
276
277
4072
3676
2822
2601
2543
2542
2546
3381
1155
2548
3021
2381
527
2386
2389
2263
1016
2261
528
1011
2768
1231
1233
443
2762
1333
109
696
3954
106
104
3644
903
900
2045
2040
33
30
37
998
1241
640
1243
1242
3097
1530
649
648
2166
1027
1538
2617
1941
3809
3807
2619
332
1907
1903
1901
3457
852
372
858
3239
748
2689
3896
3897
3894
425
99
1435
94
1622
1620
1624
4076
3208
3962
3961
3968
2860
2866
3636
554
3634
3632
840
3063
2467
239
2949
234
2945
2941
2347
1054
1056
1058
3343
1192
3346
3347
1696
1279
142
1171
141
1271
1274
1275
2854
3706
1881
2120
1287
2125
948
3118
2128
3115
2081
1289
940
1472
1476
1474
1572
687
1479
1577
1575
1305
1307
2716
3984
459
2653
2719
1308
2654
3415
137
499
496
491
2591
2741
1830
3799
1837
1835
3797
2154
2407
405
2405
402
2153
3187
931
2016
2011
409
934
3836
3837
2747
3931
3933
2599
1951
4034
4036
1959
3987
3562
3563
3569
378
3843
3845
3846
371
826
374
822
2900
1176
705
703
1480
1593
396
3306
399
398
84
85
1713
794
4041
2300
1718
4049
2307
1658
7
3982
1656
607
1655
586
1139
3661
3662
3669
1135
3151
240
3155
149
2833
2830
1436
1437
2277
3392
2270
2579
2576
2064
2056
2572
1438
2571
1639
2377
515
2371
516
1349
2596
3590
1223
626
1340
455
1229
2452
1876
1988
2051
3699
2880
974
972
2884
2885
1120
181
3089
3088
1504
651
2110
189
3942
187
2622
2623
2620
650
2624
3874
3877
1919
1918
3521
1910
1912
1915
3885
10
3449
3883
16
861
949
3442
3489
2022
2696
1226
2029
2691
3905
881
887
3903
889
888
3908
3549
3222
3233
3237
1964
1617
1614
1615
1613
1610
3971
327
324
1749
689
329
776
205
2875
3626
3354
3058
655
3054
3055
3052
2239
2238
1570
2335
2337
2338
2339
2544
1680
1684
1687
337
1766
868
839
3711
1147
667
666
1260
3492
3490
1744
2096
2091
3659
2093
3656
3652
690
691
2521
3122
1297
698
699
2528
3124
1549
542
543
545
1467
2241
2243
2465
996
1313
2461
2463
2707
2700
1318
122
2
1400
3304
1821
529
2413
417
2414
2061
922
1387
2796
3375
2149
2067
318
3823
3820
1507
311
3946
2441
3272
3273
3271
1520
1338
834
3575
3576
3573
2665
366
363
3658
2669
1924
2699
1501
2931
3319
381
383
1559
388
1836
3314
3317
21
1645
781
1643
4050
4057
2357
2299
1115
573
571
576
2191
3007
259
2197
3167
2801
3009
254
2204
2205
3364
1583
602
1586
3361
731
404
2369
2368
739
1035
2587
784
1359
1211
1216
636
638
1351
1219
461
460
2589
168
3729
1866
166
2225
3723
3689
3688
960
1170
3681
783
2162
1455
2517
1458
2512
4081
2736
2737
4084
2635
400
2738
3531
3530
3533
678
3198
3438
1810
1812
2585
3767
3434
3435
871
3184
2036
3186
2742
3180
2031
2746
3188
3189
2039
959
3911
897
1087
439
3919
3288
1152
3544
3545
4018
1979
1975
1973
4016
1606
356
809
354
352
803
4035
431
807
806
359
804
1967
2961
2849
2846
1781
2845
2843
2841
3048
2138
3328
3045
2320
1771
2325
1772
1075
2009
289
288
4
2316
285
284
1672
3974
1094
3761
1096
3764
1093
3768
675
1098
671
672
2296
263
261
3136
3130
3649
268
2999
1553
1552
59
1556
3034
2490
3036
2993
2995
3032
2795
55
534
2392
2750
2390
2391
2256
1412
538
1322
988
3037
2770
2772
986
2776
2494
2199
771
2496
1858
2786
2781
2782
1850
2172
2177
1254
2395
2176
2804
1522
435
2072
2071
1394
911
913
912
2604
2600
3817
3952
3951
3819
304
2174
1933
1932
1935
3268
845
844
3462
3460
3500
1090
3504
3469
2670
2560
2679
1972
3879
2778
2868
2925
663
2250
2474
161
1840
3214
1987
4066
4064
4065
1730
2639
530
3412
1989
3602
3600
759
758
1032
3073
3506
2185
2184
222
3075
1026
4052
1186
1184
2218
1182
724
723
2352
2351
1741
1486
153
2438
600
2991
2432
1207
608
1203
1898
3738
3737
3735
3734
1489
1892
1893
2136
3108
3109
957
3103
1446
1444
1443
1440
333
2503
467
1449
1295
2423
2721
2641
2642
2645
869
484
482
509
3428
2581
3787
1801
3420
1592
473
2001
477
474
475
479
1369
