666
664
165
93
691
697
694
541
341
544
549
719
718
716
715
120
127
415
416
298
413
296
295
418
291
591
590
592
199
198
596
195
312
197
196
190
314
270
275
276
278
279
524
525
526
520
364
528
361
448
443
442
440
445
444
381
383
384
389
101
39
38
31
30
36
641
640
647
646
436
434
433
431
605
578
339
338
335
334
571
570
330
333
574
62
64
65
103
252
69
251
257
255
156
730
732
735
736
738
502
503
500
630
631
632
469
342
465
463
168
90
166
95
161
96
153
742
559
745
746
555
554
556
550
552
236
1
146
144
619
142
140
141
149
649
355
689
352
685
687
682
210
763
767
133
132
130
498
499
494
495
490
25
27
21
323
404
400
280
283
285
678
679
676
670
671
672
576
263
261
266
265
268
59
58
57
56
53
537
378
534
532
371
373
375
377
538
709
705
700
393
114
390
396
113
82
83
81
118
85
429
421
420
423
424
308
582
301
304
305
589
245
244
241
243
242
615
249
248
519
539
511
601
512
515
514
516
623
459
621
626
625
624
453
454
455
176
175
170
183
180
145
656
657
654
2
186
481
651
652
188
659
750
756
754
759
563
567
229
228
226
223
220
12
15
14
16
18
726
724
116
722
720
151
748
152
155
154
602
158
609
42
43
322
638
321
5
325
328
562
200
203
202
205
77
70
487
484
483
482
79
78
479
473
476
477
376
