3922
3923
3921
3926
3927
3924
3925
1200
3929
2304
164
4024
4025
4022
4023
4020
4021
1802
166
4029
344
3857
347
340
3998
3997
3996
3995
3994
348
3992
3858
3990
3689
1738
2316
2317
2312
2310
298
296
297
294
295
3771
3770
3777
198
195
197
3778
193
270
272
274
276
277
3670
3671
3676
3674
2543
2542
2547
2546
2544
2548
1456
2381
2268
2269
2384
2387
2386
2389
2263
2261
2266
1518
2769
2441
2447
2444
2445
3589
2448
2767
3668
109
2515
102
106
107
104
902
903
900
2045
906
2040
905
1458
909
1847
1846
2048
2511
2512
2167
2166
2161
2162
2617
3253
2613
2612
2611
2610
2619
3298
1909
1906
1907
3296
1902
1903
1901
3451
850
3457
3454
853
3513
3512
858
3514
2688
2689
2684
2685
2680
849
2738
1640
3851
3018
99
1435
633
93
95
94
3207
1622
1993
1620
3203
1626
1997
1624
1999
1998
3209
3208
3859
2860
741
742
600
558
2866
2867
2868
554
557
556
552
3063
3062
2913
3067
3065
2948
3069
3068
2943
2942
2941
2940
1198
3348
3349
1054
2916
1056
1058
1190
3340
1192
3346
3347
3344
1196
1696
1693
1690
1758
1757
1755
1753
1752
1751
1699
1177
1176
1174
1173
1171
1170
612
1271
616
1275
614
1178
511
2857
3333
1287
1286
1281
1280
3118
3116
3115
1289
3112
1472
1473
1579
1578
689
688
1474
1475
1573
1572
1571
686
681
680
683
1227
1306
1307
3335
1302
1349
872
1308
1512
3590
498
499
494
495
496
490
491
492
2458
24
25
26
20
21
23
624
1340
405
404
1375
1374
400
1379
409
408
3836
3837
3939
3938
3935
2451
758
3936
3838
3839
3933
3932
4035
4034
4036
4038
3730
1728
378
3843
3845
3844
3846
371
372
374
3916
3205
393
391
396
395
3806
399
398
4040
4041
4043
2301
2300
2305
4049
2307
602
7
3664
3667
3661
3660
3748
3749
3747
3744
2283
3669
2285
2286
2287
244
246
241
240
248
2275
2277
2276
2271
2270
2579
2576
2577
2575
2572
2573
2571
2378
2374
2377
2371
2372
1729
2594
2595
2596
2597
2459
2591
2592
1086
2454
3598
2598
2450
2453
2452
1876
1874
592
1873
179
178
177
174
173
2051
2050
975
974
2055
972
2057
2056
3692
2281
979
182
2119
1501
186
187
2110
3089
188
189
2114
2115
2117
2622
2623
2620
2621
2627
2624
2629
3526
3527
3525
3522
3520
3521
1910
1913
1912
3283
3528
3280
869
868
3449
3448
3445
862
865
3440
3442
2757
2026
2020
2699
2696
2695
2694
2693
2029
2691
2690
883
882
881
880
887
885
3221
889
888
3220
3149
1970
3233
1969
1618
1619
1964
1965
1614
3239
1612
1613
1610
1963
418
775
774
2871
776
771
2875
2879
778
3354
2978
3351
3350
3353
3352
3056
655
3054
3055
3052
3358
3050
1043
1919
3103
1045
1918
3028
1681
1680
1768
1682
1684
1687
1686
1762
1763
1761
1766
1767
2965
1269
1146
1147
669
667
666
1148
3288
663
1266
1265
660
2985
3286
2762
2984
1547
3743
691
696
1543
695
3122
1915
698
699
3126
3127
1548
1549
542
543
540
541
546
1917
545
1465
8
1467
1466
760
1463
1317
1315
2845
1313
1312
1310
2842
1318
2841
1016
1017
17
528
529
414
2599
417
1389
412
1385
1387
1380
419
1382
3827
3825
3824
3823
3822
3274
3820
3940
311
3943
3946
3828
3328
2768
3585
3587
369
366
364
365
362
363
2750
1238
1330
861
383
384
385
3840
388
389
2764
4057
4056
4052
4050
2028
4058
1470
2758
2759
3611
3612
2298
3616
3618
3753
2290
2297
2296
1778
2190
2191
258
259
2196
2197
2199
250
256
254
2200
2204
2205
2206
2561
2560
3903
2369
2368
2367
2366
2364
2362
2360
2428
2429
2585
2581
2420
2422
2423
2425
2589
1860
1863
168
3729
1866
1869
3725
3726
3727
160
161
3723
964
965
966
3688
960
904
963
3681
3680
968
3685
2796
2109
2518
2514
2102
2101
2517
2107
2106
2105
2513
2734
2736
2737
2730
2732
2635
2634
2636
2631
2739
3531
3530
3533
3532
3537
1550
678
3198
1814
1241
2955
1810
1811
1812
1813
877
1818
3435
3436
871
2741
2036
2742
2745
2032
2747
2746
9
753
2039
644
890
891
895
897
898
439
671
3237
3544
3545
3546
3547
3541
1979
1601
1600
1975
1105
1973
1972
1971
1606
809
1617
803
802
800
807
806
805
804
1788
1789
1615
2961
2349
2849
1780
1781
2844
761
1784
1785
1787
3320
3048
3325
3041
3040
3045
1775
3971
1776
1771
1078
1772
1076
1075
1779
1073
608
1674
3975
1676
3807
1672
327
1094
1096
1097
1090
1091
1093
1155
675
1157
677
1098
1150
672
1152
3135
3137
3136
3130
3133
59
3802
3138
2999
1553
1552
3038
3039
1557
1556
1559
2991
3036
2993
3030
2995
2996
52
1418
3034
534
532
531
530
1410
1412
1415
1416
538
1322
1323
3037
1326
1327
200
1329
3032
3295
1904
1531
3291
1524
428
1254
1527
1520
1253
1522
1398
1396
1394
1393
424
427
308
309
3959
3958
3817
3815
3953
3952
3951
3819
304
3956
3955
3954
2795
852
76
73
2778
3058
2779
3059
2972
1321
1840
3341
4066
472
4064
4065
2639
3053
79
2772
3602
3601
3600
3607
3606
2238
3608
2183
2181
2180
2776
2185
2184
226
223
222
221
2210
2217
2214
1044
2358
2230
864
2350
3549
2356
2357
2354
2355
1426
153
2438
155
157
2432
2977
2430
2437
2436
2435
2434
1898
1899
3739
3738
3737
3736
1896
3734
1890
1891
1892
3852
2136
958
2134
2132
950
955
954
2138
2139
1449
2507
2503
2501
2500
2727
2649
2725
2722
2721
2640
2641
2642
2645
2729
2647
1689
2850
3782
1806
3428
1803
3787
1801
3420
3425
1808
2839
2003
2001
2004
2009
1143
911
3088
3258
3259
1949
3498
3252
1941
3558
818
1263
810
2176
812
814
1261
1521
2912
1798
2915
719
2917
2919
715
2852
2855
1621
1795
1794
1490
1491
3331
1493
1494
3336
1496
1497
1498
1499
3339
1264
2178
3202
1069
1068
1703
1705
1061
425
1063
1062
1065
1064
1067
1504
1258
1667
3658
1665
912
1663
1660
1087
590
3168
1084
1083
1082
596
599
3556
1125
1126
3142
3143
3144
3146
2825
2826
2827
444
2822
2823
3384
3029
3381
3027
3025
2980
3023
3022
3388
3021
525
526
527
1019
522
301
1403
1402
1401
1400
1407
1011
1013
1443
1235
449
303
1231
1232
1233
443
1334
447
690
712
305
501
3129
307
3644
3261
33
30
711
36
1537
640
1243
1242
1245
1244
647
1530
649
648
434
435
1538
3809
338
337
336
3801
333
332
3124
3125
2865
1938
747
1967
748
3896
3897
3894
3895
847
3466
2801
1960
3105
4075
4077
4076
4071
4070
4073
1460
3965
3962
3963
3960
3961
3968
3969
2854
2981
2949
3639
3636
3634
3635
3632
840
2467
239
234
236
3468
230
2945
233
2345
2347
2346
2341
2343
2229
2227
992
2222
2348
2220
1
1099
147
144
142
140
141
83
2031
1052
148
149
3708
4072
1888
3703
1885
3706
3707
3704
2120
2123
2125
2127
949
946
2128
2081
2086
943
940
2538
2539
1356
3343
2533
2530
2531
2536
2535
2712
2713
2658
2716
642
2714
2653
1195
2718
2719
2654
3416
131
3415
3412
3413
139
1117
1830
3799
1837
2846
1835
3797
137
2154
2155
939
2157
2018
2152
2153
2015
932
931
2016
2158
2159
935
934
674
1691
569
1951
1959
3562
3563
3560
3248
3566
3564
3241
3569
1990
1698
827
826
823
822
1278
3097
1536
1279
704
705
706
703
1935
88
1480
1487
1486
3306
181
1489
1488
84
85
1713
928
1711
794
1716
762
790
1718
1270
1658
2144
613
1652
1653
1651
2843
1654
1655
586
1139
585
763
2417
581
1274
1135
617
3153
920
3151
3157
3156
3155
3154
2836
3159
2834
2833
922
2830
1436
1437
1434
3392
3395
3397
3396
3399
3398
3010
1438
3015
1260
1009
1008
1007
510
1005
2067
515
1001
516
623
1226
620
1223
626
1220
450
1341
455
1229
1228
318
1989
2880
2886
2887
2884
2885
2888
2889
1502
1500
2
652
1507
650
651
3085
1508
3942
1103
3878
3879
3870
3874
3877
3885
3884
13
3886
3881
3880
3883
16
55
3888
2129
947
3272
3194
3905
3907
3902
2814
3113
3908
3909
4009
929
4000
4001
4005
322
321
326
3974
3977
1476
329
3629
3628
202
205
206
948
3622
3625
830
3626
685
1730
684
1881
112
687
3471
2239
2331
2332
1479
2334
2335
2337
2338
2339
3473
2235
3662
2236
1575
3715
3714
839
3711
3713
1305
3496
3494
3492
3493
3490
2095
1992
2096
2091
3659
2093
3079
3654
3656
2013
3652
2525
2527
2521
2486
2487
2484
2485
2528
2481
2249
2652
2244
2651
2243
2464
2465
997
996
2461
993
2463
2707
2706
999
998
120
121
122
3402
124
3289
1107
1345
2951
1824
1189
1821
1823
2068
2069
2413
130
2414
2141
2140
2060
2061
2790
923
2064
1184
2149
927
2218
2952
1029
1994
2799
1921
1922
3275
1924
3273
3270
3271
1929
3278
3475
3476
3579
3578
834
835
3575
3574
838
3576
3570
3573
2666
3
2665
359
2669
2938
2664
2935
2933
2931
3319
2352
1267
3310
3313
3314
1532
784
1644
786
2351
780
1834
1643
381
1724
1725
1723
1720
1406
924
3330
604
573
572
571
577
576
574
3007
63
64
3003
3002
3166
3167
3164
3165
3009
3008
2804
1161
2406
1589
1425
1424
1427
2407
3364
1583
1580
1581
1586
3361
3363
731
730
2405
3317
736
1032
1033
1030
402
1212
1645
1359
1358
1216
636
1353
1352
1351
1219
461
460
1355
1354
787
989
1169
2225
781
782
2898
2011
2897
783
1455
1104
3438
1451
1100
1453
1516
1511
1459
1513
1570
4080
4081
3869
4084
4085
4087
3863
565
3860
3867
3864
1894
2418
467
1577
1004
2700
1409
3733
3184
3185
3186
3187
3180
3731
3182
723
2342
1893
3188
3189
959
3915
283
3913
3912
3911
2137
3931
3919
3930
3506
1338
4018
4012
4016
4014
356
354
352
351
350
3984
3986
3987
3982
216
214
215
213
211
2299
957
2172
2323
2321
2320
2327
2326
2325
1446
3181
289
288
1444
4
1656
324
2241
1120
282
285
284
287
286
3489
3761
3762
3763
3764
3765
3767
3768
3480
1440
3484
263
261
260
3649
264
268
3640
2499
2552
2553
2554
2555
2557
3554
2490
2495
2494
2496
2396
2397
2395
2392
2393
2390
2391
2256
1295
2252
2250
2477
2648
988
2474
2473
2472
2728
2470
2770
2771
980
2773
986
2775
984
114
116
253
118
37
1858
3227
2786
2781
2782
1850
2806
2788
1797
2173
2079
2078
919
2177
2174
2073
2072
2071
2077
913
2074
2604
2605
2600
2601
1836
2608
2609
1796
1933
1932
3263
1930
3264
70
3266
3268
3434
3369
3467
846
845
844
3462
3461
3460
3500
3501
3502
3503
3504
3469
3507
2671
2670
2675
2679
459
2929
2928
3367
2922
2925
1332
2926
2900
1582
3214
1987
3216
1636
1637
1731
1639
2904
1734
1988
431
3222
568
752
750
757
2022
560
759
509
2818
566
1595
739
1597
3073
3075
1593
1592
3171
3170
3172
3175
3174
3177
3176
1025
1027
1026
1023
1333
1186
3376
3375
3374
1182
3371
726
724
3735
1749
720
1744
1035
1741
729
1164
2587
607
1167
1807
1163
1204
1207
1168
2403
1203
1211
3307
469
3304
1366
3305
3108
3109
48
473
46
47
42
2034
41
1447
638
1445
1112
1115
1442
1441
639
1292
1562
1291
1296
1297
1566
10
466
1782
1357
591
1185
488
484
483
482
3481
451
3197
1367
1364
471
3193
477
474
475
479
3699
990
1369
