1868
1949
813
814
2910
2911
2914
717
2852
713
2854
2857
1495
1497
1069
1701
916
1393
2325
1067
2311
1668
1664
1663
293
592
1083
1081
1080
1122
191
1089
271
275
2824
2820
2547
2983
2981
3023
3022
524
526
1105
1102
2267
1405
1404
1234
2525
1336
447
2285
2526
100
2044
1848
1540
904
905
909
2048
1459
1534
1533
1247
2165
648
1539
2616
2612
741
2619
1906
853
2686
2683
99
90
93
94
1622
1621
549
1628
2242
2861
742
745
2866
551
553
2949
3068
152
231
1050
2344
1052
1057
1192
2223
2221
2851
1692
1691
1177
1279
619
1173
1051
611
1275
1276
711
1889
1884
1883
1882
1881
2121
2122
1280
948
2082
2128
2086
2087
2084
941
1473
1471
1477
1573
684
1571
1306
1302
1308
2654
132
499
2590
497
1830
1697
1839
28
406
1373
1372
403
2152
1379
931
452
935
1758
1950
821
376
146
2907
2906
2904
706
707
390
82
142
1066
85
1712
792
2300
2304
2307
2306
412
580
2280
1132
1131
2284
1136
1134
2837
2836
1437
1434
2063
1432
1433
2273
1431
3013
2574
1439
518
510
513
1003
2373
458
1226
621
2889
1223
1222
1342
2598
2453
1347
1084
179
178
595
174
172
2051
182
2052
973
2056
596
656
1505
1509
1914
1917
1916
11
868
12
2127
860
865
864
866
2024
2757
2755
2752
2021
2698
2028
2758
2690
881
887
886
292
940
1969
1615
1961
323
329
688
202
770
773
2874
208
76
3059
3056
3052
2977
869
1041
2334
1045
1044
41
2339
1049
2234
2237
1681
1685
1684
1689
1766
2549
1593
1263
666
1148
1260
663
662
660
2094
2097
2091
2093
226
2098
1546
690
691
696
2523
695
2484
699
2480
1467
2247
2241
1463
2465
2460
2461
1310
2705
2468
2469
1318
121
122
126
127
1021
14
2215
1823
2147
2144
2143
2142
2417
1386
2791
1382
313
316
1926
1929
833
830
831
2666
2665
2662
369
365
362
2936
2934
2751
2932
2931
380
381
383
384
548
784
785
786
1646
781
783
2693
1725
1649
1723
109
151
579
2298
573
2291
61
2438
64
2195
3002
2198
253
250
2806
2807
2805
2568
1422
1424
2206
1870
1429
1583
2563
1584
2566
730
1039
734
506
504
1036
500
501
1212
2429
1211
2583
2582
2422
1350
1357
1647
1867
165
162
2040
963
1106
1457
1450
1672
1453
2515
2101
2007
2510
2511
2734
2736
2639
2635
2738
34
1814
879
877
1819
2741
2740
2035
642
2033
2748
2038
893
438
898
899
1099
1609
1478
1976
357
356
354
358
216
768
769
2963
762
218
3041
2182
3042
2323
2322
1776
2327
1773
1071
1675
283
287
1673
1095
1097
1156
1150
1152
938
260
267
59
1554
1551
1553
1555
58
2556
2191
55
2490
56
52
3006
1566
2390
2991
2398
2250
2779
1327
2770
983
986
117
1858
1531
1852
3008
2170
2177
421
2071
2070
2077
2074
2604
309
2606
2607
2600
304
307
1932
1930
1935
846
843
1426
2673
2675
2677
1283
2924
2927
147
1632
1637
1731
1730
753
751
757
2818
1594
2186
229
1592
2954
1047
2189
223
2365
2217
629
1188
1187
2219
2218
1182
1028
1181
724
1748
2352
2350
2351
1740
2233
2355
1164
1167
1160
600
1207
1201
1200
1387
1890
468
959
49
953
45
42
2138
956
1568
1443
1114
1117
1442
2505
1291
2503
2501
1567
2640
2643
2647
923
483
1807
1806
692
1808
1366
477
2005
478
