1200
165
344
340
342
343
2918
349
1566
2319
2317
2315
2310
2311
298
294
295
292
293
2896
198
191
190
192
271
272
273
275
278
2543
2542
2547
2546
2549
2380
2268
1457
2384
2387
2386
2262
2263
2261
2266
2267
2265
2442
2441
2447
2448
2760
2766
2765
109
102
100
2516
903
2044
2045
2042
2040
905
909
1846
2048
1844
2169
2165
2167
2617
2616
2612
2611
2610
2619
1909
1906
1907
1904
1901
854
852
853
1731
2688
6
2684
2686
2687
2681
2683
1437
2738
99
98
90
93
94
96
1622
1621
1627
2273
1997
1996
1628
2861
2862
2864
745
2866
555
749
551
550
553
3062
3060
3067
2949
2948
2947
2946
3068
2942
1050
1051
1052
1056
1057
1190
1193
1192
1196
717
1695
1692
1758
1755
1754
1753
1752
1699
1177
1279
619
1173
1271
610
611
1275
1276
1178
2857
513
1285
1280
1283
1003
1813
1289
1472
1473
1471
688
1475
1573
684
1571
681
1575
682
458
1306
1302
1226
1308
498
499
2459
496
497
492
2037
26
20
21
2740
624
28
2743
1371
406
1373
1372
403
1374
400
1379
2033
629
409
408
1700
1343
2747
1701
1345
457
376
179
178
390
394
399
2309
1812
2301
2300
2304
2307
2306
7
2288
2280
2282
2284
2285
2287
245
244
247
2052
243
242
606
2275
2274
2276
2271
2057
2578
2272
2574
2056
2279
2278
2379
2374
2377
2370
2371
2373
2595
2596
2597
2590
2592
2593
2454
2457
2598
2453
1448
1875
1873
1870
1871
177
176
174
173
172
2051
976
974
973
971
970
2058
1080
2118
2119
180
181
186
2111
188
2115
2622
2623
2621
2626
650
2625
1919
1914
1917
1916
869
868
861
860
863
862
865
864
866
2024
2757
2027
2020
2021
2022
2698
2697
2693
2692
2758
2690
881
887
886
888
1968
1969
1616
1617
1614
1615
1612
1961
1962
1749
2871
770
2875
2874
778
76
2979
73
3059
3056
3057
3055
3052
2977
3051
1043
1041
1047
1046
1045
1044
1049
1048
1681
1768
1685
1684
1762
1763
1766
1767
1764
2791
1142
1788
1269
1144
1263
666
1148
1149
663
662
660
3020
692
693
690
691
1542
1543
1540
695
699
2383
542
1468
544
1465
548
549
1461
1463
521
1317
1315
1310
1318
2388
664
2649
1017
1594
529
1389
412
413
1386
1387
1380
1382
319
1235
313
310
317
316
1237
2756
2755
368
369
367
364
365
362
360
2699
2322
1331
2751
1239
380
381
383
384
385
386
389
1773
2028
2029
2759
2299
2298
2291
2191
258
2195
2196
2197
2198
253
250
251
256
257
2200
2568
2203
2206
2561
2209
2563
2565
2564
2566
2369
2366
2365
2361
2360
2428
2429
2585
2584
2583
906
2580
2420
2422
2423
900
2426
1861
1860
901
168
169
1867
1868
162
964
967
960
904
962
963
968
969
2519
2515
2101
2510
2511
2512
2734
2735
2736
2737
2730
2732
2635
2636
2631
2630
2633
2632
1106
1845
1091
1814
1815
1816
1817
878
879
877
875
1819
2741
2036
2035
2034
2745
2032
2031
2030
2749
2748
2038
891
892
893
1531
896
898
899
1150
648
1152
2803
1609
1979
1978
1976
1602
1605
1972
1555
808
1965
803
806
805
2965
2967
769
2963
2962
762
1102
640
2842
2968
2840
1787
3048
3041
3042
1776
1771
1078
1848
1779
1071
1675
1670
1672
1673
1095
1083
1097
1158
642
1156
1151
1099
1153
673
3038
58
1551
2999
1553
1101
59
1554
1559
54
2992
56
2994
50
53
2997
1418
55
532
531
2991
1410
2998
1413
57
539
1417
1322
1323
1326
1327
1324
1558
51
1328
2995
3032
3033
773
558
1256
428
1527
1252
1253
1398
421
1396
1395
425
427
1390
309
302
530
304
307
1411
2254
1415
2399
2779
2973
2976
2639
2238
2774
3015
2182
2186
2185
2184
227
226
2189
2188
223
2211
2210
2217
2215
2214
2990
2219
2218
2358
2352
2353
2350
2351
2357
2355
151
153
2438
2433
1894
1896
1890
1891
1892
959
2137
2134
2130
953
952
954
2138
956
2509
2508
2505
2504
2503
2501
2648
2726
2724
2640
2643
2729
2728
1689
1807
1806
1805
1808
2002
2000
2007
2005
2008
1790
1035
911
1857
429
1949
1943
1947
1945
818
1520
813
814
665
817
2859
2911
1260
2914
718
2851
2919
2852
2855
2854
711
710
1490
1491
1493
1494
1495
1497
1524
1069
1068
1702
916
1704
1705
262
1709
1063
1067
1066
1669
1668
1664
1663
591
1086
593
592
595
1081
596
1120
1122
1089
1127
2828
2824
2825
2820
2821
1864
2823
2989
2988
3029
2983
2981
3024
3023
3022
3021
2984
524
526
527
1019
522
523
1015
1016
1400
1406
1012
1013
1234
1546
303
1339
1232
1334
1337
1336
447
446
445
444
501
696
39
2523
33
31
34
641
1536
643
1534
1533
1532
1247
646
649
1248
434
435
1539
339
741
335
334
331
742
332
2865
2391
1523
1111
1467
2700
2106
3065
2465
236
237
152
231
2344
2346
2340
2343
2224
2225
2223
2220
2221
146
147
144
142
141
149
1889
1887
1884
1883
1882
1881
1880
2121
2088
2122
2125
2124
2127
949
946
2128
1084
2086
2087
2084
2085
2538
1356
2532
67
2534
2535
2713
2659
2658
2716
2849
2652
2718
2650
2657
2656
2654
132
131
137
136
134
1833
1830
1834
1697
1839
2405
2402
2018
2152
2153
2015
931
2016
937
936
935
182
1028
1691
1957
1950
1953
1959
183
829
828
825
826
821
820
822
2902
2900
708
709
2904
705
706
707
700
702
703
1482
88
1487
82
1489
1488
87
85
1713
1712
1711
1717
792
791
790
1719
799
438
1658
1659
1652
1657
1654
2414
586
1986
1139
1138
582
580
1132
1131
225
1136
1135
1134
2419
2418
2837
2836
2835
615
2830
3030
1434
923
1432
1433
1431
3013
3010
3016
3017
1438
1439
518
1730
1007
510
1005
2148
515
1001
1348
622
621
620
1223
1222
1221
1220
451
452
453
1344
455
456
1347
2060
2881
2887
2884
2888
2889
656
657
655
1506
1507
1504
1505
1509
659
2123
11
10
13
12
14
17
19
713
2082
753
942
940
941
754
322
323
326
327
325
329
1477
202
207
208
679
2818
685
1478
2331
2332
2333
2334
2337
2231
2339
2233
1341
2234
2237
229
1342
2094
2097
2096
2091
2090
2093
2092
2098
2525
2526
2488
2522
2486
2487
2484
2529
2483
2480
2248
2249
2247
2241
2242
2464
994
2466
2460
2461
2462
992
2705
2704
2706
2468
2469
2702
121
122
126
127
128
129
1020
1829
1824
1826
1820
1823
2147
2410
2798
2144
2143
2142
2417
2416
920
2061
2790
2063
2797
2149
2067
2411
2799
1921
1926
1929
670
833
830
831
836
835
2666
2665
2662
2660
2661
2668
2669
2019
2936
2934
2932
2933
2931
948
784
785
786
2412
780
781
1642
1725
1649
789
1721
605
579
573
571
577
2439
575
61
63
64
3000
3002
68
69
2806
2807
2805
1422
1425
1424
1426
1582
1583
1581
1584
730
1038
1039
734
508
509
739
2150
504
1036
500
2403
1212
631
633
468
636
1644
638
1352
1351
1350
1357
1647
463
1354
1646
1169
687
1129
2897
783
1454
1107
1456
1105
1450
1100
1453
1514
2012
1459
464
1722
1723
584
1577
585
768
1393
357
356
355
354
52
350
358
216
217
212
211
218
788
2323
1447
2321
2320
2327
2325
2324
289
1112
2752
283
282
284
287
1114
576
938
261
260
267
2170
269
1290
2553
2556
2490
2496
3006
2750
2390
2258
2257
2255
437
2398
2250
2477
2727
2475
2474
2471
2470
2770
983
980
981
986
2776
115
114
117
116
111
110
112
984
1858
2784
2787
2786
1852
1855
3008
2079
2078
2176
2177
2175
914
2071
2070
2077
2074
2604
2606
2607
2600
2601
2603
2608
2609
1796
1932
1330
1589
1937
1935
1939
2647
847
846
844
843
842
841
840
849
2671
1429
2673
2675
2674
2677
2679
2678
2929
2928
2921
2920
2924
2927
1405
486
2907
2906
1630
1632
1634
1635
1637
1638
1639
1732
1404
1988
2815
751
757
755
2812
2910
561
563
565
1595
506
1597
1590
1593
1592
2954
2955
2956
2950
1598
2952
1027
1021
2179
1188
1189
1187
1862
1182
1481
1180
1181
726
724
725
1748
723
720
1744
1747
1740
1742
1743
1164
2587
1167
1160
600
603
602
1205
1207
1168
608
1203
1211
80
2479
1217
1366
2913
81
48
49
47
45
42
1364
41
1568
1569
1298
471
1443
1442
1117
1440
1562
1291
1564
1294
1567
466
1360
2582
733
795
2425
2589
489
487
793
485
484
483
478
590
1201
1714
472
473
470
1365
477
474
1930
479
1369
