4026
4024
4025
4022
4023
4020
4021
4028
4029
344
347
340
3999
3998
3997
3996
3995
3994
3993
3990
594
2318
2316
2317
2314
2315
2312
2310
2311
298
296
297
294
295
292
291
3771
3770
3777
3776
3775
3778
270
272
274
275
276
277
279
2268
2269
2263
2260
2261
2266
2267
2264
2442
2441
1781
2447
2444
2445
2448
108
109
101
106
107
104
105
2047
2045
2043
2040
2041
3198
2048
2839
2038
3518
3513
3512
3514
2688
2689
2684
2685
2687
2680
2683
342
3390
343
1434
99
1435
91
93
95
94
1433
3207
1622
1993
1992
3203
3202
3201
1624
1999
348
1629
1628
3209
3208
2860
2862
559
558
2866
2867
2868
554
556
551
553
552
1199
1198
3348
3349
3343
1193
3341
1195
1194
3344
1196
1759
1758
1757
1756
1755
1754
1753
1752
1751
1750
1177
1176
1175
1174
1173
1172
1171
1170
1179
1178
1007
3440
1285
1287
1286
1281
1280
1283
1282
515
1289
1288
3668
1579
1578
689
688
685
684
687
1570
681
680
1575
682
623
2818
1349
872
3435
2741
1221
2740
624
1371
1370
405
1372
1375
1374
401
400
1379
1378
409
408
3835
3836
3837
3830
2747
3832
2746
3838
3839
1345
2749
4033
4032
4035
4034
4037
4036
4039
4038
379
378
371
372
374
377
376
1244
393
391
396
395
399
398
3593
2309
2301
2300
2302
2305
2304
2307
2306
3748
3749
3747
3742
3743
3253
244
247
246
241
240
248
2275
2277
2276
2271
2270
2272
2279
2278
2337
2459
2458
2454
2456
2451
2450
2453
2452
179
178
177
174
173
2051
3699
2052
2055
2054
2057
2056
2059
2058
3692
3694
3695
3696
655
3089
1507
1367
1504
3526
3527
3524
3525
3522
3520
3521
3528
3529
1509
338
2699
2698
2697
2696
2695
2694
2693
2692
2691
2690
1605
3220
3222
3232
3233
3237
3234
1619
1616
1965
1614
3239
1960
1613
1962
1963
1749
2871
2870
2875
2879
3355
3354
3357
3351
3350
3353
3352
3359
3358
3953
1768
1769
1762
1763
1761
1766
1767
1142
1143
1146
1147
1144
1789
1148
336
692
1547
1544
691
696
1543
1541
698
699
1548
1549
542
1780
540
541
546
545
1643
549
760
1785
414
415
417
410
1389
412
1385
1387
418
419
3827
3825
3824
3823
3822
3820
3582
3829
3828
369
366
364
365
362
363
381
383
384
385
386
388
389
3215
1369
3751
3750
3753
3755
3754
2190
2191
2192
2193
2194
2195
2196
2197
2198
253
250
256
254
255
2200
2202
2204
2205
2206
2428
2429
2420
2421
2422
2423
2424
2425
1848
168
169
164
166
167
160
161
163
3689
3688
3681
3680
3687
3686
3685
2518
2519
2514
2515
2517
2511
2512
2513
2734
2735
2736
2737
2730
2732
2733
2738
2739
3531
3530
3533
3532
3535
3537
3539
678
679
1814
1816
1817
1810
1811
1812
1813
1818
1819
670
1099
1608
1979
1978
1601
3224
1603
1602
1973
1972
1971
1606
809
808
803
802
800
807
806
805
804
2849
2846
2847
2844
2845
2842
2843
2841
3320
3322
3323
3325
3326
909
3328
3589
1775
1774
1776
1771
1773
1772
1779
1778
2806
3975
327
1158
2999
1155
1157
1150
1153
1152
3038
58
1550
1553
1552
59
3039
1557
1556
3034
2991
3036
2993
3030
2995
2996
2997
537
536
534
532
531
530
538
3037
1558
2994
3541
3032
52
3296
1975
3297
1903
429
428
1398
1396
1394
425
1392
1391
3812
3810
3817
3815
3819
3451
3456
302
3454
3455
1443
258
1425
1970
2183
2181
2180
229
2184
227
226
224
223
222
221
2213
2212
2210
2217
2216
2214
2218
153
2438
155
154
157
156
159
2432
2431
2430
2437
2436
2435
2434
2509
2507
2505
2504
2503
2501
2500
2727
2725
2723
2722
2721
2729
2728
3782
1806
1805
3781
1803
1802
3784
3785
1808
3258
3259
1948
1949
3250
1943
3252
1941
1946
3255
3256
3257
818
1527
810
811
812
814
815
816
1253
2859
1623
1990
2850
2853
2852
2855
3205
2857
2856
1490
1491
3331
3204
1494
3336
1496
420
1498
1499
3339
1994
1701
1702
422
1704
1705
1706
1393
3200
424
1998
3658
2834
1120
1122
1125
1126
2989
2988
3029
3028
3027
3026
3025
3024
3023
3022
2985
2984
525
526
527
1018
1019
522
523
1015
1016
1017
528
529
1013
1235
303
1230
1231
1232
1233
3956
3954
439
437
434
435
431
3809
3805
3807
3806
3801
3803
3802
2864
2865
1967
3065
2465
2467
238
239
234
991
236
230
231
232
233
2944
993
2229
2226
2227
2224
2225
2222
2220
2221
1
147
144
145
142
140
141
148
149
121
2082
2080
2081
2086
3403
2084
2085
2538
2539
1190
2532
2533
2530
2531
2536
3340
2535
2713
1192
2716
2715
3346
2718
2719
3347
1197
1832
1830
1836
1837
1834
1835
3797
3796
3790
3793
2154
2155
2156
2405
2150
2151
2152
2153
932
931
930
2158
2159
935
934
471
1956
1951
1950
2673
1959
1958
3249
3248
3096
3241
3244
228
825
824
827
826
821
823
822
1481
1480
1487
1486
3308
1484
3306
3307
3304
3305
3303
3301
797
3094
1711
794
1716
790
1718
2413
798
2799
1271
2415
1139
2417
1274
2140
1137
1135
1275
920
2061
615
3018
3019
2064
3010
3011
3014
3015
519
2149
1009
511
510
1005
1004
1003
514
1001
516
1227
1226
620
1223
626
625
1220
1229
1228
2883
2880
2886
2887
2884
2885
2888
2889
2
3878
3879
3870
3871
3872
3873
3874
3876
3877
10
13
12
14
17
16
19
18
3118
3274
3272
3904
3905
3907
3900
3902
3903
1927
3908
3909
200
202
205
207
206
208
830
1573
831
1572
1571
2239
2238
686
2230
2233
2232
2235
2234
2236
683
2185
3498
3496
3494
3495
3492
3493
3490
2095
2094
2096
2091
3659
2093
2092
3654
3656
3652
1301
2525
2527
2526
2521
2529
2528
2709
2704
2707
2706
2700
2703
1829
1825
1824
1826
1821
1823
928
929
2145
2144
2143
2414
2141
2416
2419
2418
922
923
924
925
926
927
3277
1922
3275
1924
3273
3270
3271
1929
3278
832
3475
3476
3477
3470
3471
834
3473
838
839
3
359
3319
3318
3311
3310
3313
3314
3317
3316
784
786
787
780
781
1728
1729
1726
1727
1724
1725
1722
789
1720
1721
3004
3007
63
64
3003
3002
68
3009
3008
1589
1582
1583
1580
1581
1586
1584
404
509
1032
1033
504
1031
1037
1035
1212
631
1211
1216
1217
1214
637
638
639
1218
1219
465
782
2895
2897
783
2891
2893
1107
1104
1105
1102
1103
1100
1453
1458
1459
464
4080
4081
3869
322
4084
4087
3863
3861
3867
3866
3865
3864
3737
1895
1577
3733
3731
3730
3917
3916
3915
3913
3912
3911
958
3147
3919
216
214
215
213
210
211
218
2138
956
462
939
4
3489
3488
3481
3480
3482
3485
3484
3487
938
3649
3648
3646
3645
3644
3643
3642
3640
2552
2553
2554
2555
2557
2396
2397
2394
2395
2392
2393
2390
2391
2778
2779
2770
2771
2772
2773
2775
2776
3166
1858
2801
1850
1851
1852
1853
1854
2172
2173
2170
919
2177
2174
915
914
2178
2179
911
913
912
2604
2605
2600
2601
2608
2609
1933
1932
3263
1930
1936
1935
1934
3268
1938
1424
847
3466
3465
844
3463
3462
3461
3460
1426
3469
3468
2050
663
1738
1731
1730
1734
1737
1736
1039
753
1807
751
750
757
3783
759
758
3780
1595
3071
1597
3073
1591
3075
1593
1592
3079
1599
2951
2952
3787
1025
1024
1027
1026
1021
1801
1023
1022
1029
501
630
607
1209
600
603
602
1207
1200
1203
633
468
3108
636
3104
3105
3100
3102
3103
1447
1446
1113
1444
1115
1442
1117
1440
467
1449
1448
466
461
460
488
486
485
1354
483
482
481
1804
3922
3923
3921
3926
3927
3924
3925
3928
3929
3856
3857
3854
3855
3852
3853
3851
992
3858
3859
2898
198
3664
195
190
193
192
3678
3672
3670
3671
3676
3674
2543
2542
2547
2546
2545
2544
2548
1456
2381
2383
1457
2385
2384
2387
2386
2389
1451
3581
2769
2768
3585
3587
2763
2762
2761
2767
2764
902
903
900
901
906
904
905
908
1840
1847
1846
1942
2169
3251
2167
2166
2161
2160
2163
2162
2617
2616
2614
2613
2612
2611
2610
2619
2618
3298
3299
1909
1906
1907
1904
1905
1902
3291
3292
1901
854
3453
857
850
3457
852
853
858
641
1184
1554
741
742
744
747
748
3063
3062
3060
3067
3066
2949
2948
2947
2945
3068
2943
2942
2941
2940
1051
1052
1054
719
1056
1057
1058
1696
1695
1693
1690
1691
1699
1278
1279
618
619
612
613
1273
616
617
614
1277
1795
2596
1794
3333
3332
3116
3115
3114
3113
3112
1472
1473
1470
3330
1476
1474
1475
1479
1304
1305
1306
1307
3335
1302
1303
1497
1308
1309
2597
498
499
494
495
496
490
491
492
2591
24
25
26
27
20
21
22
23
28
3939
3938
3935
3934
3937
3936
3931
3930
3933
3932
1703
3841
3840
3843
3845
3844
3846
3848
301
4045
4046
4047
4040
4041
4043
4048
4049
7
2288
3698
3667
3666
3661
3660
3663
3662
2281
2282
2283
3669
2285
2286
2287
2578
2579
2576
2577
2574
2575
2572
2573
2571
2378
2379
2374
2375
2377
2370
2371
2372
2594
2595
3591
3590
3597
3596
2592
1086
3598
2598
2599
1876
1877
1874
1084
1873
1879
182
975
974
973
972
971
1080
979
978
2118
183
180
181
186
187
2110
2111
188
189
2114
2115
2116
2117
2622
2623
2620
2621
2627
2624
2625
2629
1919
1918
3289
3288
1910
1913
3284
1915
1914
3281
1916
869
868
3449
3448
861
3444
862
3441
864
3443
866
2024
2025
2026
2755
2752
2753
2750
2028
2029
2758
2759
883
882
881
887
885
889
888
3149
4014
3988
775
774
776
771
773
772
778
77
76
2978
2979
73
3058
3059
3056
2973
3054
3055
3052
3053
2974
1043
1041
1045
1044
1048
1680
1682
1685
1684
1687
1686
1689
1688
2981
1269
1268
669
667
666
665
664
1267
662
1265
660
3021
3286
67
3128
3129
3122
3283
3121
3126
3127
3124
3125
1723
1469
1917
3977
1465
8
1467
3280
1461
1460
1463
1317
1315
1314
1313
1312
1311
1310
1318
1010
1011
3445
318
3940
312
3942
3943
3945
3946
3947
3442
1531
2757
1030
2020
2022
1330
1332
4057
4056
4054
4052
4050
4059
4058
2461
3610
3611
3612
3613
3614
3616
3617
2293
2290
2297
2296
2294
288
2561
2560
2562
2565
2564
2567
2369
2368
2367
2366
2365
2364
2362
2361
2360
2587
2585
2584
2583
2582
2581
865
402
2589
1861
1860
1863
1865
1864
1866
1869
3725
3726
3727
3723
964
965
966
960
963
968
2109
2102
2101
2107
2106
2105
30
2639
2635
2634
2637
2636
2631
2633
3765
3438
1241
1240
3430
877
3432
875
3434
873
3436
871
2037
2036
2743
2742
2745
2032
2031
2030
9
2748
2039
3097
890
891
892
893
894
895
897
898
646
1969
3544
3545
3546
3547
3540
1618
3543
3235
3549
1964
1617
3069
2965
2964
768
1615
2961
762
1612
1782
761
1784
2968
1787
3048
1610
3041
3040
3042
3045
3047
3046
1078
1079
1076
1077
1074
1075
1072
1073
1070
1678
1679
1674
1676
1672
1673
1094
1096
1097
1090
1091
1093
674
675
1912
677
1098
671
672
3135
3134
3137
3136
3130
3133
3132
3138
1533
855
1418
1410
1411
1412
1413
1415
1416
1417
1322
1323
1321
1326
1327
1325
1329
1621
647
1620
1256
1257
1254
1255
1520
1521
1522
1258
1530
308
309
3959
3958
300
3952
3951
3950
304
305
3955
307
1626
1485
74
70
2475
2972
2474
4062
4063
4066
472
4064
4065
4068
2977
3050
3602
3601
3600
3607
3606
3605
3608
114
2358
2359
2352
2350
2351
2356
2357
2354
2355
112
1898
1899
3739
3738
1894
3736
3735
3734
1890
1891
1892
1893
2136
2137
2134
2132
2133
2130
953
952
955
954
957
2139
2648
2649
2640
2641
2642
2645
2647
3428
3420
3427
3426
3425
2003
2001
2004
475
2008
2009
506
507
3556
3555
3554
3553
3551
3559
3558
1263
2176
1261
918
2912
2913
2914
2915
2916
2917
717
2919
715
1790
1797
712
2854
710
505
1524
1069
1068
916
1061
1063
1062
1065
1064
1067
1066
1669
1668
1667
1665
1087
590
593
592
1083
1082
1081
596
599
1088
3141
3142
3143
3144
3145
3146
1709
2824
2825
2826
2827
2822
2823
3387
3384
3385
3382
3383
3381
3388
1409
1403
1402
1401
1400
1407
1406
449
448
1339
1338
693
443
1334
1336
690
1333
444
1545
3261
3260
33
32
695
37
36
1537
1536
1243
1242
1245
644
1247
3095
649
648
3099
1538
1493
339
3267
335
337
3266
333
332
543
3898
3899
2980
3893
3890
3891
3896
3897
3894
3895
3467
846
845
3464
1635
1464
3631
1466
4078
4075
4077
4076
4071
4070
4073
4072
3967
3965
3962
3963
3960
3961
3968
3969
3639
3636
3637
3634
3635
3632
3630
840
849
848
2345
2344
2347
2346
2341
2343
2342
2349
2348
1455
2067
3708
1888
1887
3703
1885
3706
3707
3704
1880
2120
2123
2125
2127
949
2129
947
943
940
569
2658
642
2653
2652
2651
2650
2656
2655
2654
3416
3414
3415
3412
3413
135
134
1931
139
138
3418
3419
2019
2018
2015
2014
2016
2011
2013
2012
1452
3562
3563
3560
3561
3566
3567
3564
3569
2900
2906
2905
2904
704
705
706
2908
703
88
89
83
87
84
85
1658
1659
1652
1653
1650
1651
1656
1654
1655
586
587
585
763
583
580
581
588
3153
3151
1985
3157
3156
3155
3154
2836
3159
3158
2833
2832
1348
2830
1436
1437
3393
3392
3395
3394
1430
1431
3399
3398
1438
1439
1260
458
459
450
451
452
455
456
1347
1886
79
1883
1266
1502
657
1500
1501
652
3088
650
651
3085
1508
3086
311
3082
310
833
314
3885
3884
3887
3886
3881
3880
3883
1264
55
3888
946
2128
752
4009
4000
4001
4003
4004
4005
3971
323
320
321
326
3974
324
325
329
3629
3628
948
3625
3624
1340
3626
1881
2331
2332
2333
2334
2335
2336
1594
2338
2339
1341
2537
1596
835
3715
3714
3717
3716
3711
3710
3713
3712
3719
3718
2955
53
2486
2487
2484
2485
2482
2481
2248
2249
2244
1532
2247
2241
2243
2464
994
997
996
2460
990
2462
2463
998
120
3400
122
123
124
3408
1921
131
2068
2069
2798
130
2792
137
2790
2063
2796
2065
2066
2795
1185
1180
3579
3578
3575
3574
3576
3571
3570
3573
3572
2666
2667
2664
2665
2662
2660
2669
2938
2936
2934
2935
2933
2931
1559
3799
1645
1644
1646
1641
1640
3264
1648
729
1252
579
604
573
572
571
570
577
576
575
574
2808
3168
2802
3167
3164
3165
3162
3163
2804
2406
1997
3368
3369
1427
2407
3364
3367
3361
3363
731
2157
737
736
739
2403
1359
1358
469
2400
1353
1352
1351
2401
1357
1356
1355
608
937
1519
1518
1517
1516
1511
1510
1513
1512
959
1798
3184
3185
3186
3187
3180
3181
3182
3183
3188
3189
1896
3397
582
3109
4018
4016
3396
357
356
354
353
352
351
350
3984
3986
3987
3981
3982
358
2299
2298
2323
2321
2320
2327
2326
2325
1110
2329
1445
484
289
3618
1112
280
283
282
285
284
287
286
3760
3761
3762
3763
3764
1441
3767
3768
263
262
261
260
264
269
268
1290
2499
2498
2490
2492
2495
2494
2496
259
2258
2256
2251
2250
2477
988
989
2473
2472
2471
2470
983
980
981
986
987
984
2478
115
252
116
111
2199
118
2785
2784
2787
2786
2781
2780
2783
2782
2789
2788
2079
2078
2073
2072
2071
2070
2076
2075
2074
1796
3221
3508
3509
3500
3501
3502
3503
3504
3506
3507
2671
2670
2060
2675
2674
2677
2679
2678
2929
2928
2921
2922
2925
2924
2927
2926
3214
1987
3216
1633
3210
1983
1636
1637
1639
3218
3219
1988
1989
568
2814
2817
2816
2810
2812
560
561
563
565
566
3171
3170
3172
3175
3174
3177
3176
3379
1189
1186
3375
3374
1182
3372
3371
3370
724
725
1748
723
720
1744
1746
1741
1743
1164
1165
1167
1161
640
1163
3309
1168
1169
1489
1366
1488
48
49
46
47
44
42
2034
41
1568
1380
1298
1299
1788
1292
3193
1562
1291
1296
1297
1566
1295
1713
591
1361
1381
792
732
3197
473
1364
3194
476
477
474
3190
3728
478
479
1368
3729
