165
592
344
346
347
340
342
343
2918
349
595
1566
3002
2319
2317
2315
2310
2311
298
299
294
295
292
293
2896
198
2147
191
190
192
271
272
273
274
275
278
2543
2542
2540
2547
2546
2545
2549
1456
2380
2268
1457
2384
2387
2386
2262
2263
2260
2261
2266
2267
2265
2442
1447
2441
2447
2448
2760
2189
2766
2765
2764
2514
109
102
103
100
2516
903
2044
2045
2042
2040
905
1841
909
1846
2048
1844
2169
2165
2167
2617
2616
2615
2614
2613
2612
2611
2610
2619
1909
1906
1907
1904
1901
854
856
852
853
1731
2688
6
2684
2686
2687
2681
2682
2683
2738
99
98
90
93
94
96
1991
1622
1621
1627
2273
1997
1996
1628
2861
2862
2864
745
2866
747
555
2869
557
551
550
553
552
3063
3062
3060
3067
2949
2948
2947
2946
2945
3068
2943
2942
2941
2940
1050
1198
1052
1056
1057
1190
1193
1192
1196
717
1695
1692
1693
1690
1758
1755
1754
1753
1752
1751
1750
1177
1279
1174
1173
1171
1271
610
611
617
1276
1178
2857
615
1005
1285
1280
1283
1003
1813
1289
1119
1472
1473
1471
689
688
1475
685
684
687
1577
1575
682
1348
1306
1307
1300
1302
622
1818
1308
498
499
2459
496
497
492
25
26
20
1221
2036
1220
28
2743
1371
406
405
1372
403
1374
1377
400
1379
2745
452
409
408
1700
453
2031
1701
2148
1345
1347
379
378
373
376
1244
179
178
393
391
390
396
394
399
2309
1812
2301
2300
2304
2307
2306
7
2288
2280
2281
2282
2283
2284
2285
2287
245
244
247
2052
243
242
606
1468
2275
2274
2276
2271
2057
2578
2272
2577
2574
2056
2279
2278
2570
2379
2374
2377
2370
2371
2373
2595
2596
2597
2590
2592
2593
2454
2457
2598
2450
2453
1448
1876
1874
1875
1873
1870
1871
177
176
175
174
173
172
1878
2051
976
974
973
971
970
2058
1080
182
183
180
181
186
185
2110
2111
188
2113
2115
2622
2623
2621
2626
650
2625
1919
602
1913
1914
1917
1916
869
868
1509
861
860
863
862
865
864
866
2024
2757
2027
2020
2021
2022
2698
2697
2696
2693
2692
2758
2690
883
881
1602
887
886
1605
888
51
1968
1969
1619
1616
1965
1614
1615
1612
1613
1962
1749
1363
1334
2871
2877
770
2875
2874
2879
778
77
76
75
2979
73
71
70
2972
3057
3055
3052
2977
3051
1043
1041
1047
1046
1045
1044
1049
1048
1681
2983
1768
1682
1685
1684
1762
1763
1766
1767
1764
1765
1142
1788
1140
1144
1145
1263
666
1148
1149
663
662
1265
660
2966
1722
2402
2984
1546
693
690
691
696
1543
1540
695
699
2383
1549
542
541
546
547
544
1465
8
548
549
1461
1463
521
1317
1315
1311
1310
2842
1318
2840
2388
2649
1017
1010
1594
1011
415
1389
412
413
1386
1387
1380
1382
319
1235
313
310
317
316
314
1237
1230
2756
2755
368
369
2752
364
365
362
363
360
2753
2699
2322
1331
2751
1239
380
381
383
384
385
386
388
389
1773
2028
1772
2029
114
2759
2299
2298
2291
2191
258
2195
2196
2197
2198
253
250
251
256
257
2200
2568
2203
2206
2561
2209
2563
2565
2564
2566
2369
2367
2366
2365
2361
2360
2428
2429
2585
2584
2583
906
2580
2420
2422
2423
900
2426
1343
1861
1860
1863
901
168
169
1867
1868
160
162
964
965
967
960
904
962
963
968
969
2519
2103
2515
2101
2517
2510
2511
2512
2734
2735
2736
2737
2730
2732
2635
2636
2631
2630
2633
2632
1106
1845
678
1091
1814
1815
1816
1817
1810
878
879
877
875
872
1819
2037
2740
2035
2034
2033
2032
2747
2030
2749
2748
1157
2038
891
892
893
1531
896
897
898
899
1150
1249
1248
1152
2803
1609
1608
1979
1978
1976
1974
1973
1972
1971
809
808
1617
803
800
806
805
2965
2964
2967
769
2960
2963
2962
762
1849
1782
2845
2969
2968
1786
1787
3048
3041
3042
3044
3046
1776
1771
1078
1848
1779
1071
608
1675
1676
1677
1670
1672
1673
1095
1097
1090
1158
642
676
1156
1151
1099
1153
673
1623
1555
58
1551
2999
1553
1552
59
1554
1559
2991
2992
56
2994
3031
53
52
1418
55
532
531
1558
1410
2998
1413
57
539
1417
1322
1323
1326
1327
1324
1325
3030
1328
2910
2995
3032
2997
773
429
428
1527
1252
1253
1398
421
1396
1395
1394
425
427
1390
309
302
530
304
305
307
1411
1406
2254
1415
2399
2778
2779
3059
3056
2973
1624
2976
2639
2770
1238
2772
2773
2238
2774
3015
2775
2182
2186
2185
2184
227
226
225
2188
223
2211
2210
2217
2216
2215
2214
2990
2219
2218
2358
2359
2230
2352
2353
2350
2351
2357
2355
151
153
2438
154
2433
158
2430
2437
1894
1896
1443
1890
1891
1892
959
2137
2134
2130
953
952
954
2138
956
2509
2508
2507
1442
2505
2504
2503
2501
2648
2726
2724
2640
2643
2729
2728
1689
627
1807
1806
1805
1802
1592
1808
2002
2000
2007
2005
2008
2009
506
1790
1269
1035
911
127
1102
1256
1949
1943
1947
1945
818
1255
1520
813
814
665
817
2859
2911
2912
664
2914
1857
718
2851
2919
2853
2852
2855
1993
711
710
1490
1491
1492
1493
1494
1495
716
1497
1524
1069
1068
1702
916
1704
1705
1708
1709
1063
1062
1064
1067
1066
3023
1669
1668
1664
1663
1660
1087
1086
593
1084
1083
1081
596
1120
1122
1089
1127
2828
2824
2825
2820
2821
1864
2823
2989
2988
3029
3027
2981
3024
2987
3022
3021
3020
524
526
527
1019
522
523
1015
1016
1400
528
529
1012
1013
1234
692
303
1339
1232
1449
442
1337
1336
447
446
445
444
65
501
1542
39
38
2523
33
32
31
36
34
1241
640
643
1534
645
1532
1247
646
649
648
434
435
1539
339
741
335
334
337
336
331
742
332
558
2391
1523
1796
554
2149
2118
2650
2119
1466
1961
2854
2106
1101
3065
2465
1022
238
234
236
237
230
231
2345
2344
2346
2340
2343
2226
2224
2225
2349
2223
2220
2221
2705
146
147
144
1528
142
1051
2468
2700
1889
1887
1884
1883
1882
1881
1880
2121
2088
2122
2125
1467
2127
949
2082
2128
2081
2086
2087
2084
2085
3038
768
2539
1356
1059
2532
2530
2531
2537
2534
2535
2713
2710
2658
2716
2849
2652
2718
2719
2657
2656
2348
132
131
137
136
134
139
1832
1833
1830
1831
1834
1697
914
1839
2407
2405
2150
2018
2152
2153
2015
931
2016
937
936
935
2012
1028
1691
1955
1954
1957
229
1950
1953
1952
1959
3034
1990
829
828
825
826
821
820
822
2903
1278
2900
708
2906
1536
2904
705
706
707
700
702
703
1482
88
619
1487
1486
1484
82
1489
1488
87
85
1713
1712
1711
1717
792
791
790
1719
141
2145
799
438
1658
1659
613
1652
2143
2843
1657
1654
2414
586
1630
1139
1138
582
580
1132
1131
2416
1137
1136
1135
1134
2419
1633
2418
2837
2836
2835
149
2832
2830
1437
1434
923
1432
1433
1430
1431
3013
3010
3016
3017
1438
1439
1260
518
1699
1730
1007
510
513
512
515
514
1001
1227
1226
621
620
1223
1222
625
624
1340
451
629
628
1344
455
456
457
2060
2881
2886
2887
2884
2888
2889
656
657
655
1506
1507
1504
1505
3033
659
2123
2741
764
2124
11
10
13
12
15
14
17
19
713
946
753
54
942
940
941
755
754
2538
322
323
326
327
325
329
1477
201
202
207
208
679
565
1573
1478
2331
2332
2333
2334
998
2337
2231
2339
2233
1341
2234
2237
50
712
1342
228
2659
2094
2097
2096
2091
2090
2093
2092
2098
2525
2526
2521
2488
2522
2486
2487
2484
2529
2483
2480
2248
2249
2791
2245
2246
2247
2241
2242
2464
994
2466
996
2460
2461
2462
992
1533
2704
2706
999
2469
2702
121
122
124
125
126
367
128
129
2654
1020
1829
1023
1824
2144
1826
1820
1823
2068
2410
2798
2412
2415
2142
2417
2140
920
2061
2790
2063
2797
2066
2067
2411
2799
1921
1924
1926
495
1929
670
833
830
831
836
835
2666
2667
2665
2662
2660
2661
2668
2669
2727
2413
2936
2934
2935
2932
2933
2930
2931
948
21
784
785
786
1646
780
781
1643
1642
1727
1724
1725
1649
1723
1721
605
579
578
573
572
571
577
2439
575
61
2808
3006
64
3000
66
67
68
69
2801
2806
2807
2805
407
1422
1425
1424
1426
1429
1583
1581
1373
1584
730
1038
938
734
508
509
739
2019
504
1036
500
2403
1212
631
1359
1211
468
636
1644
638
1352
1128
1350
1357
1647
463
1354
1169
465
1571
1129
2897
783
2891
1454
1107
1104
1105
1450
1518
1100
1453
1514
1459
464
788
789
584
1275
681
1798
585
1393
357
356
355
354
353
351
350
358
216
217
212
210
211
218
2139
2323
1111
2321
2320
2327
2325
2324
2328
289
1112
281
280
283
282
284
287
286
483
576
262
261
260
267
265
2170
269
268
1290
2551
2553
2556
3004
2491
2490
2192
2496
63
2750
2390
2258
2257
2255
437
2398
2250
2477
2476
2475
2474
2471
2470
982
983
980
981
986
987
2776
985
115
252
117
116
111
110
112
984
1858
2784
2787
2786
2780
2865
1852
1855
3008
2079
2078
2176
2177
2175
2072
2071
2070
2077
2076
2074
2604
2606
2607
2600
2601
2603
2608
2609
152
1932
1330
1589
1937
1935
1939
2647
458
847
846
844
843
842
841
840
849
848
2671
1582
2673
2675
2674
2677
2679
2678
1209
459
2929
2928
2902
2921
2920
2925
2924
2927
1405
486
2907
709
1986
1632
1985
1634
1635
1637
1638
1639
1732
1404
1988
2587
1039
2815
751
750
757
2813
2812
560
561
661
563
2819
2818
1595
1032
1597
1590
1593
1033
2954
2955
2956
2950
1598
2952
1024
1027
1021
2179
1188
1189
1187
1862
1182
1481
1180
1181
726
724
725
1748
723
720
721
1744
1747
1740
1742
1743
1164
1165
1167
1160
600
603
1163
1205
1207
1206
1168
1200
1203
633
80
2479
1217
749
1366
2913
81
48
49
47
45
42
1364
41
1568
1569
1298
471
1115
1114
1117
1440
1292
1562
1291
1564
1351
1294
1567
466
474
2582
461
591
733
795
450
2425
2589
489
487
793
485
484
641
478
1716
1715
590
1201
1714
472
473
470
1365
477
1360
1361
1061
1930
479
1369
