1200
165
592
344
343
3002
2310
2311
292
293
198
191
190
271
272
1138
275
278
1106
2547
2549
2380
2268
1457
2384
2386
2388
2266
2267
2265
2442
2441
2447
2760
2766
2765
109
102
100
903
900
901
2042
2040
905
909
1846
1845
1844
2169
2165
2167
2617
2616
2612
2611
2610
2619
1909
1906
1907
1904
1901
854
852
853
6
2684
2686
2683
2738
99
98
90
93
94
96
1622
1621
1627
2273
1997
1996
1628
2861
742
2864
745
2866
749
551
550
553
3062
3067
2949
2948
2947
2946
3068
2942
1050
1051
1052
1365
1056
1057
1192
1196
717
1692
1691
1755
1754
1753
1699
1177
1279
619
1173
1271
610
611
1275
1276
1178
711
1005
1285
1280
1283
515
879
1473
1471
688
1475
685
684
1571
1577
1575
682
1348
1306
1302
1308
498
499
2459
496
497
492
2741
26
21
2740
624
28
2743
1371
406
1373
1372
403
400
1379
2745
629
1343
2747
455
1347
376
179
178
390
394
399
2309
2301
2300
2304
2307
2306
7
2288
2280
2284
2285
2287
245
244
247
974
242
2274
2578
2574
2379
2374
2377
2370
2373
2595
2597
2590
2592
1129
2598
2453
1875
1873
1870
1871
177
176
174
172
2051
2052
973
971
2056
2058
596
182
183
180
186
2111
188
2622
2623
2626
2625
1919
1914
1917
1916
869
868
860
863
865
864
866
2024
2757
2027
2752
2021
2750
2751
2693
2692
2758
2690
881
887
886
888
1968
1969
1616
1965
1614
1615
1612
1961
2871
770
773
2874
1930
778
76
2979
73
3059
3056
2973
3055
3052
2977
3051
1041
1047
1046
1045
1044
1049
1048
1681
1768
1685
1684
1762
1766
1767
1764
1142
1144
1263
666
665
1260
663
662
660
2984
1546
693
690
691
696
1543
1540
695
699
544
1465
1467
549
1463
1315
1310
1318
14
529
1389
412
1386
1387
1380
1382
1235
313
310
317
316
2755
369
367
364
365
362
360
2698
2098
380
381
383
384
385
2028
2029
2759
2298
2291
2191
258
2195
2196
2197
2198
253
250
251
256
257
2568
2206
2561
2209
2563
2564
2566
2369
2365
2360
2428
2429
2585
2584
2583
906
2580
2420
2422
2423
2044
2426
1861
1860
2045
168
1864
1867
1868
162
964
967
960
904
962
963
968
2515
2101
2510
2511
2512
2734
2735
2736
2737
2639
2732
2635
2631
2630
2632
2048
1158
1814
1815
1817
1812
1813
877
875
1819
2037
2036
2035
642
2033
2032
2031
2030
2748
2038
891
892
893
438
896
898
899
1150
1248
1609
1978
1976
1602
1972
808
1617
806
805
2967
769
2963
2849
762
2842
2968
2840
1787
3048
3041
3042
1776
1773
1848
1071
1675
1672
1673
1095
1083
1097
1091
1156
670
1099
1153
1152
59
58
1551
2999
1553
1555
1554
55
54
57
56
2994
2995
53
52
2990
532
531
2991
1410
2998
1413
2992
539
1417
1326
1327
1324
3030
1328
50
3033
1531
2875
429
428
1398
421
1396
1393
427
309
302
304
307
648
2238
986
2182
2186
229
227
226
2189
2188
223
2211
2217
2215
2214
2219
2218
2352
2353
2350
2351
2357
2355
151
2439
2438
1896
1890
1891
959
2137
2134
63
2130
953
952
2138
956
2509
2508
2505
2503
2501
2648
2649
2724
2640
2643
2729
2647
1689
1807
1806
1808
2007
2005
1035
1256
1949
1943
1947
1945
818
813
814
1148
817
2859
2911
2913
2914
718
2851
2919
2852
713
2854
2857
1490
1491
1493
1494
1495
1497
1524
1069
1701
1702
916
1704
1705
1067
1066
1669
1668
1664
1663
591
1086
593
1084
595
1081
1080
1120
1122
1089
1127
2828
2824
2825
2820
2119
2823
2989
2983
2981
3024
3023
3022
3020
524
526
527
521
522
523
1015
1016
1400
1406
1012
1404
1234
692
1339
1232
1337
1336
447
1239
445
501
1542
39
2488
33
31
2855
34
1536
1534
1533
1532
1247
646
649
437
435
1539
741
334
331
332
2865
2063
548
3065
237
231
2344
2346
2340
2343
2224
2225
2223
2220
2221
146
147
144
142
149
1889
1887
1884
1883
1882
1881
1880
2121
2088
2122
948
949
2082
2128
2086
2087
2084
2085
3038
2538
1356
2535
2713
2716
2652
2718
2650
2657
2656
2654
132
137
136
134
1833
1830
1697
1839
938
2150
2403
2152
2153
2015
931
2016
935
2012
1758
1957
1950
1953
1453
1439
829
828
825
826
821
2900
2907
2906
2904
705
706
707
700
1482
88
1487
82
1489
81
87
85
1712
1711
793
792
791
790
1719
799
1658
1652
2142
586
584
585
580
1132
1131
1136
1134
920
2837
2836
2835
2830
1437
1434
923
1432
1433
1431
3013
3010
3017
1438
3015
518
510
513
1003
1001
458
1226
621
620
1223
1222
1220
1341
452
453
1344
1345
456
457
2881
2884
2889
656
657
655
1506
1505
1509
659
2123
11
12
2127
17
19
2815
1149
940
941
754
322
323
327
325
329
1477
202
207
208
1573
2250
1478
51
2333
2334
1594
2231
2339
2233
2234
2237
2185
1342
2094
2097
2096
2091
2090
2093
225
2525
2526
2523
2522
2487
2484
2529
2483
2480
2249
2247
2241
2242
2464
2465
2466
2460
2461
2462
992
2705
2706
2468
2469
2702
121
122
126
127
129
1826
1823
2147
2144
2143
2414
2417
2419
2061
2791
2797
2149
2148
1926
1929
833
830
831
836
2666
2665
2662
2660
2661
723
2936
2934
2932
2933
2931
784
1644
1647
1646
780
781
783
1725
1722
1723
1721
605
579
573
571
577
153
61
152
64
3000
67
68
2806
3008
2805
1589
1424
1426
1429
1583
1584
730
733
1039
734
508
509
506
2402
504
1036
500
2018
1212
1211
1217
636
785
464
1350
1357
786
463
1354
1169
687
2896
1454
1105
1102
1100
1101
1514
1459
1649
789
768
357
356
354
350
358
216
217
211
218
788
2323
2322
2320
2327
2325
2324
283
282
287
1114
576
262
260
267
2170
269
1290
2556
2490
2496
3006
1294
2390
2391
2255
1448
2398
2399
2477
2779
2475
2474
2471
2470
2770
983
980
981
2774
2479
115
114
117
116
111
110
112
1858
2784
2787
2786
1852
1855
2807
2079
2177
2175
914
2071
2070
2077
2074
2604
2606
2607
2600
2601
2603
2608
2609
1932
1422
1937
1935
1939
2728
846
844
843
842
840
664
2673
2675
2677
2678
2929
2928
1638
2921
2920
2924
2927
1405
709
1630
1632
1634
1635
1637
1731
1730
1732
1038
1988
753
751
757
2812
2910
561
563
2818
1595
739
1597
1590
1593
1592
2954
2956
2950
1598
1450
1021
1188
1187
1862
1182
1028
1180
1181
724
725
1748
1749
720
1744
1747
1740
1742
1743
1164
1167
1160
600
602
1207
1201
608
1203
80
468
1366
49
47
45
42
1364
41
1568
1569
1298
1112
1443
1442
1117
1440
1562
1291
1566
1567
1360
2582
2425
2589
489
487
485
484
483
590
451
472
473
470
471
477
474
478
479
