344
345
346
347
340
341
342
343
348
349
719
718
717
716
715
714
713
712
711
710
606
298
299
296
297
294
295
292
293
290
291
591
590
593
592
199
198
597
596
195
194
197
196
191
190
193
192
270
271
272
273
274
275
276
277
278
279
524
525
526
527
520
521
522
523
599
528
529
449
448
443
442
441
440
447
446
445
444
108
109
102
103
100
101
106
107
104
105
39
38
33
32
31
30
37
36
35
34
641
640
643
642
645
644
647
646
436
437
434
435
432
433
430
431
339
338
335
334
337
336
331
330
333
332
89
744
745
748
6
99
98
91
90
93
92
95
94
97
96
153
740
741
742
743
559
558
746
747
555
554
557
556
551
550
553
552
238
239
234
235
236
237
230
231
232
233
1
155
146
147
144
619
142
143
140
141
612
613
610
611
616
617
614
149
768
689
688
685
684
687
686
681
680
683
682
458
622
133
132
131
130
498
499
135
134
494
495
139
497
490
491
492
493
24
25
26
27
20
21
22
23
28
29
407
406
405
404
403
402
401
400
629
409
408
628
379
378
228
371
370
373
372
375
374
377
376
708
709
704
705
706
707
700
618
702
703
393
392
88
145
397
396
395
394
82
83
399
398
86
87
84
85
7
170
586
587
584
585
582
583
580
581
588
589
245
244
247
246
241
148
243
242
615
249
248
519
518
511
510
513
512
515
514
517
516
623
459
621
620
627
626
625
624
450
451
452
453
454
455
456
457
179
178
177
595
175
174
173
172
171
594
656
657
180
182
183
654
181
652
653
650
651
186
188
189
658
659
184
185
764
11
10
13
12
15
14
17
16
19
18
568
569
322
323
320
321
326
327
324
325
328
329
759
201
200
203
202
205
204
207
206
209
208
77
76
75
74
73
72
71
70
655
567
79
78
2
669
668
667
666
665
664
663
662
661
660
769
692
693
690
691
696
697
694
695
698
699
542
543
540
541
546
547
544
545
8
548
549
598
120
121
122
123
124
125
126
127
128
129
219
176
563
414
415
416
417
410
411
412
413
137
418
419
136
319
318
313
312
311
310
317
316
315
314
496
138
3
368
369
366
367
364
365
362
363
360
361
380
381
382
383
384
385
386
387
388
389
151
579
578
150
573
572
571
570
577
576
575
574
60
61
62
63
64
65
66
67
252
69
250
251
256
257
254
255
157
602
731
730
733
732
735
734
737
736
739
738
504
505
502
503
500
501
630
631
632
633
469
468
636
637
465
639
467
466
461
460
463
462
168
169
164
165
166
167
160
161
162
163
600
9
438
439
649
648
357
356
355
354
353
352
351
350
359
358
216
217
214
215
212
213
210
211
762
763
760
761
766
767
218
765
289
288
4
281
280
283
282
285
284
287
286
678
679
674
675
676
677
670
671
672
673
263
262
261
260
267
266
265
264
269
268
59
58
55
54
57
56
51
258
53
52
537
536
535
259
533
532
531
530
539
538
50
115
68
117
116
111
110
113
253
119
118
429
428
534
421
420
423
422
425
424
427
426
308
309
300
301
302
303
304
305
306
307
240
390
753
752
751
750
757
756
755
754
560
561
562
758
564
565
566
701
506
229
507
227
226
225
224
223
222
221
220
114
391
726
727
724
725
722
723
720
721
728
729
605
604
607
152
601
154
603
156
159
158
112
609
608
634
80
635
749
81
48
49
46
47
44
45
42
43
40
41
638
5
464
508
489
488
487
486
485
484
483
482
481
480
509
472
473
470
471
476
477
474
475
478
479
187
