4026
4027
4024
4025
4022
4023
4020
4021
4028
4029
344
345
347
340
341
342
343
3997
3996
3995
3994
3993
3992
3990
2919
2318
2316
2317
2314
2315
2312
2310
2311
298
296
297
294
295
292
291
3771
3770
3777
3776
3775
3774
3778
270
271
272
273
274
275
276
277
278
279
2268
2269
2263
2260
2261
2266
2267
2264
2442
2441
2446
2447
2444
2445
2448
2449
2189
108
109
102
101
106
107
104
105
2047
2045
2042
2043
2040
2041
2048
3155
2838
3519
3518
3513
3512
3511
3239
3515
3514
2688
2689
2684
2685
2686
2687
2680
2681
2683
3999
1437
3998
3393
99
98
3392
91
90
93
95
94
1433
3207
3206
1621
1992
3203
1994
3201
1624
1999
1998
1629
1628
3209
3208
2860
2862
2864
558
2866
2867
2868
2869
557
556
551
553
552
1199
1198
3348
3349
3342
3343
1193
3341
1195
1194
3344
1196
1759
1758
1757
1756
1755
1754
1753
1752
1751
1750
1177
1176
1175
1174
1173
1172
1171
1170
1179
1178
1007
1285
1287
1286
1281
1280
1283
1282
515
879
1289
1288
3668
1579
1578
689
688
877
1573
1572
687
686
1577
680
683
682
1227
2818
622
3434
1240
873
620
627
2741
625
2036
1243
624
1371
1370
405
1372
1375
1374
401
400
1379
1378
452
409
408
3834
3835
3836
3837
3830
2031
3832
2746
3838
3839
455
9
4033
4032
4035
4034
4037
4036
4039
4038
1347
1245
379
378
371
372
374
377
376
1244
1987
393
391
390
396
395
399
398
2309
2301
2300
2302
2305
2304
2307
2306
3748
3749
3746
3747
3744
3742
3743
244
247
246
241
240
243
242
248
2275
2277
2276
2271
2270
2273
2272
2279
2278
2459
2458
723
2455
2454
2456
2451
2450
2453
2452
179
178
177
176
174
173
172
3698
2050
2053
2052
2055
2054
2057
2056
2059
3691
3692
3694
3695
3696
655
3596
3089
1507
650
1505
3526
3527
3524
3525
3522
3523
3520
3521
3528
3529
3086
1601
2699
2698
2697
2696
2695
2694
2693
2692
2691
2690
1602
3221
1972
1971
1606
1362
3232
3233
3230
1968
3237
3234
1619
1616
1617
3238
1615
1960
1613
1962
1963
1363
2871
2870
2877
2876
2875
2879
3355
3354
3357
3356
3351
3350
3353
3352
3359
3358
1768
1769
1762
1763
1761
1766
1767
1765
1142
1143
1146
1147
1144
1789
1148
336
2762
692
693
1544
691
696
1543
1541
698
699
1548
1549
542
543
540
541
546
545
549
760
766
1982
2064
2968
1941
765
414
415
417
410
1389
412
1384
1385
1387
418
419
1382
3827
3826
3825
3824
3823
3822
3820
3582
3829
3828
3042
369
366
367
364
365
362
363
381
383
384
385
386
387
388
389
1369
1077
3751
3750
3753
3752
3755
3754
3951
2190
2191
2192
259
2194
2195
2196
2197
2198
253
250
256
254
255
2200
2201
2202
2203
2204
2205
2206
2428
2429
2420
2421
2422
2423
2424
2425
901
168
169
164
166
167
160
161
163
3689
3688
3681
3680
3687
3686
3685
3684
2518
2519
1980
2514
2515
2517
2511
2512
2513
2734
2735
2736
2737
2730
2731
2732
2733
2738
2739
2797
3531
3530
3533
3532
3535
3537
3536
3539
3538
679
1814
1816
1817
1810
1811
1812
1813
1818
1819
300
670
2795
671
1608
3228
1979
1978
3225
3224
1603
1974
1973
3220
3223
1970
809
808
803
802
800
807
806
805
804
2849
2846
2847
2844
2845
2842
2843
2841
3320
3322
3323
3325
3326
3328
1775
1774
1776
1771
1773
1772
1779
1778
3975
327
1158
2999
1155
1154
1157
1151
1150
1153
1152
3038
58
2998
1550
1553
1552
59
1554
1557
1556
3034
1558
3036
3037
2994
2995
53
2997
537
2990
535
534
533
532
531
530
3735
538
2993
3030
3541
1906
3032
3295
52
1904
1975
3297
536
3290
3291
429
428
1399
1398
421
420
422
1393
1392
427
3812
3810
3816
3817
3814
855
3819
857
850
851
3454
3455
1840
1425
2183
2181
2180
229
2184
227
226
225
224
223
222
221
220
2213
2212
2210
2217
2216
2214
2218
864
3375
153
2438
155
154
157
156
159
2432
2431
2430
2437
2436
2435
2434
2509
2507
2505
2504
2503
2502
2501
2500
2725
2723
2722
2721
2720
2729
2728
2199
1807
3783
3780
3781
1803
1802
3784
3785
1808
3088
3258
1256
1948
1949
1257
3250
3251
3252
3253
1946
3255
3256
3257
818
1527
810
811
812
814
815
816
1253
2859
2858
1622
2850
2853
2852
2855
3205
2857
2856
3333
3332
3331
1493
1494
3336
1496
1497
1498
1627
3339
3202
1701
1702
1394
1705
1706
1709
3200
424
3658
2834
1120
1121
1122
1125
1126
2989
2988
3029
3028
3027
3026
2981
2980
3023
3022
2985
3020
1090
525
526
527
1018
521
522
523
1015
1016
1017
528
1011
1013
1234
1235
1236
303
1230
1231
1232
1233
1238
1239
3956
307
439
437
434
435
430
431
3809
3805
3807
3806
3801
3803
3802
473
559
2865
3162
554
2247
2949
994
3161
996
238
239
234
235
236
237
230
231
232
233
3068
993
2229
2226
2227
2224
2225
2222
2223
2220
2221
1
3217
146
147
144
145
142
143
140
141
148
149
2088
121
2082
2083
2080
2081
2086
3403
2084
2085
1191
2538
2539
1190
2532
2533
2530
2531
2536
2537
2535
2712
2713
2033
2711
2716
2714
2715
3346
2718
2719
348
130
128
1197
1832
1830
1836
1837
1834
1835
1838
3796
3791
3790
3793
2154
2155
2156
2405
2150
2403
2400
2153
932
931
930
937
2159
2408
934
2829
1954
1957
1956
1951
1950
1953
1952
1959
1958
3249
3248
3241
3240
3244
228
825
824
827
826
821
823
822
3097
1993
3227
1481
1480
1487
1486
3308
1484
3306
3307
3304
1488
3302
3303
3301
1713
2411
1711
794
792
1715
790
1718
2413
798
612
613
2415
3095
1139
1138
2141
1132
1130
1137
1136
1135
1134
2419
2418
615
3018
3019
3012
3013
3010
3011
3014
3015
519
2149
1009
1008
511
510
1005
1004
1003
514
1001
1000
623
1226
1224
1223
626
1221
1220
629
1229
1228
2882
2883
2880
2886
2887
2884
2885
2888
2889
2
3878
3879
3870
3871
3873
3874
3876
3877
11
10
13
12
14
17
16
19
18
1922
3272
3194
3904
3905
3906
3907
3900
3902
3903
3271
3908
3909
3193
200
202
205
207
206
208
830
1352
685
3477
684
1571
2239
2238
1570
3472
2230
2233
2232
2235
2234
2236
1575
3190
2185
3498
3496
3497
3494
3495
3492
3493
3490
2095
2094
2096
2091
3659
2093
2092
3654
3655
3656
2098
3652
3653
2525
2527
2526
2521
2523
2522
2529
2528
2709
2708
2704
2707
2706
2700
2703
1829
1828
1825
1824
1826
1821
1823
928
929
2145
2144
2143
2414
2417
2140
920
921
922
923
924
925
926
927
1921
3274
3275
1924
3273
3270
1927
1929
3278
832
3475
3476
831
3470
3471
834
3473
838
839
3
359
3319
3318
2594
3311
3310
3313
3315
3314
3317
3316
784
785
786
787
780
781
782
783
1726
1727
1724
1725
788
1723
1720
1721
3004
3007
63
64
65
3003
3002
68
3009
3008
407
1588
1589
1582
1583
1580
1581
1586
1584
1039
158
1032
507
504
505
503
402
630
631
1211
1216
1217
1214
637
638
639
1218
1219
2416
3335
2898
2897
1729
2891
2890
2893
1107
1104
1457
1102
1103
1452
1101
1458
1459
4080
4081
3869
4083
4084
4085
4087
3863
1722
3861
3860
3867
3866
3865
789
1357
1894
3736
681
323
3733
3732
3731
1893
3917
3916
3915
3913
3912
3911
3910
3919
3071
216
214
215
213
210
211
218
219
3094
2138
2139
462
4
324
3489
3488
3481
3480
3483
3482
3485
3484
3487
3649
3648
3646
3645
3644
3643
3642
3640
2552
2553
2554
2555
2556
2557
2558
2396
2397
2394
2395
2392
2393
2390
2391
2399
2778
2779
2770
2771
2772
67
2775
2776
3166
2803
1858
1859
3165
1850
1851
1852
1853
1854
1857
2172
2173
2170
919
918
2174
2175
915
914
2178
2179
911
913
912
2604
2605
2606
2607
2600
2601
516
2608
2609
3261
3260
1931
1930
1936
1935
1934
3269
3268
1938
458
2051
3467
3466
845
844
3463
3462
3461
3460
1426
3469
848
2406
459
3361
1192
1739
1738
1731
1730
1733
1732
1735
1734
1737
1736
732
753
3782
751
750
757
1806
759
509
1805
1595
506
1597
3073
2958
1590
1593
1033
2954
3079
2957
2950
2951
2952
3787
1025
1024
1027
1026
1021
1020
1023
1022
1029
1037
501
605
1212
607
1209
600
603
602
1204
1207
1201
1200
1203
633
468
3108
636
3104
3105
3106
3107
3100
3101
3102
3103
1447
1446
1113
1112
1115
1442
1117
1116
467
1449
1448
466
2401
460
1355
488
486
485
484
483
482
481
1804
991
3922
3923
3921
3926
3927
3924
3925
3928
3929
3856
3857
3854
3855
3852
3853
3971
3851
1801
3858
3859
2896
199
198
2066
195
197
191
190
193
192
3678
3672
3670
3671
3676
3677
3674
2543
2542
2540
2547
2546
2545
2544
1274
2548
1456
2381
2383
1105
2385
2384
2387
2386
2389
1450
1451
3581
2769
2768
3585
3586
3587
2763
3589
2761
1453
2767
2764
902
903
900
1848
906
904
905
1843
1842
908
909
1847
1846
1845
1942
2169
1943
2167
2166
2161
2160
2163
2162
2617
2616
2615
2614
2613
2612
2611
2610
2619
2618
3298
1944
1909
3294
1907
3296
1905
1902
1903
3292
1901
854
3453
3451
3456
3457
852
853
858
1186
6
2463
641
425
3864
741
742
744
746
747
748
3063
3062
3060
3067
3066
3065
2948
2947
2945
2944
2943
2942
2941
2940
1051
1052
1053
1054
2916
1056
1057
1058
1059
1696
1697
1695
1693
1690
1691
1698
1699
1278
1279
618
619
1270
1271
610
1273
616
617
614
1277
711
2596
1794
1490
3118
3117
3116
3115
3114
3113
3112
3111
1472
1473
1470
3330
1476
1474
1475
1479
1304
1305
1306
1307
1301
1302
1303
1308
1309
3590
498
499
1499
494
495
496
490
491
492
493
24
25
26
27
20
21
22
23
28
29
3939
3938
3935
3934
3937
3936
3931
3930
3933
3932
1703
3840
3843
3845
3844
3847
3846
3848
1600
1604
3267
301
4045
4046
4047
4040
4041
4043
4048
4049
7
2288
3664
3667
3666
3661
3660
3663
3662
2281
2282
2283
3669
2285
2286
2287
1605
2578
2579
2576
2577
2574
2575
2572
2573
2571
2378
2379
2058
2374
2375
601
2377
2370
2371
2372
3593
2595
3591
2597
3597
2591
2592
3594
3599
3598
2598
2599
1876
1877
1874
1875
1873
1879
976
975
974
973
972
971
970
1080
979
978
182
2119
180
181
186
187
185
2110
2111
188
2113
2114
2115
2116
1559
2622
2623
2620
2621
2626
2627
2624
2625
2628
2629
1919
1918
3289
3288
3286
1913
3284
1915
1914
1917
1916
869
1728
189
3449
3448
3445
3444
863
862
3441
3440
867
866
2024
2025
2026
2027
2752
2753
2750
2117
2028
2029
2758
2759
883
882
881
880
887
885
884
889
888
3149
3988
3989
775
774
776
771
773
772
779
778
77
76
2978
74
73
72
3058
70
2972
2973
2970
3055
3052
3053
2974
3051
1043
1041
1040
1047
1045
1044
1048
1681
1680
1682
1685
1684
1687
1686
1689
1688
3025
1269
1268
669
667
666
1261
664
663
662
1265
660
3021
1910
2984
3128
3129
3122
3283
3120
3121
3126
3127
3124
3125
1469
3281
1465
1464
1467
3280
1461
1460
1463
1317
1315
1314
1313
1312
1311
868
1318
2060
3277
1010
529
861
860
3948
3446
3940
312
3942
3943
316
3946
3947
3299
3443
3442
3402
1531
2757
2755
2020
440
2022
1330
2320
1333
1332
4057
4056
4054
4052
4050
4059
4058
2461
3610
3611
3612
2298
3614
3615
3616
3617
2293
2290
2297
2296
2294
404
2569
288
2561
2560
2562
2565
2564
2567
2369
2368
2367
2366
2365
2364
2362
2361
2360
2587
659
2585
2584
2583
2582
2581
865
2589
1861
1860
1863
1862
3728
3729
1867
1866
1869
3725
3726
3727
3720
3722
3723
964
965
966
967
960
962
963
968
969
1532
2109
2108
2102
2101
2107
2106
2105
30
2639
2638
2635
2634
2637
2636
2631
2630
2633
36
3438
1537
640
3430
3431
3432
875
872
3435
3436
871
2037
2740
2743
2742
2745
2032
2747
2030
2749
2748
2039
2038
890
891
892
893
894
895
897
898
646
1249
3236
1969
3544
3545
3546
3547
3540
1618
3543
3235
3549
1964
1965
1614
3069
2965
2964
768
1967
2961
2963
1780
1612
1782
761
1784
1785
1786
1787
3048
1610
3041
3040
3043
1611
3045
3047
3046
1078
1079
1076
1535
1074
1075
1072
1073
1070
1678
1679
1674
1676
1672
1673
1094
1096
1097
678
1091
1093
674
675
1912
677
1098
1099
672
673
3135
3134
3137
3136
3130
3133
3132
3138
3396
1533
1418
1410
1411
1412
1413
1414
1415
1416
1417
1322
1323
1321
1326
1327
1325
1329
2494
5
647
1620
1524
1525
1254
1255
1520
1521
1522
1251
1258
1259
308
309
3959
3958
652
3953
3952
302
3950
304
305
3955
3954
1626
75
1485
2979
1468
3340
3059
2475
3815
3056
2474
3054
4062
4063
4066
4064
4065
4068
2977
3050
3602
3601
3600
3607
3606
3605
3604
3608
3413
3347
114
2358
2359
2352
2353
2350
2351
2356
2357
2354
2355
2991
1898
1899
3739
3738
3737
1895
1896
3734
1890
1891
1892
3730
2136
958
2134
2132
2133
2130
2131
950
953
952
955
954
957
956
2648
2649
2640
2641
2642
2645
2647
1441
474
3428
3423
3421
3420
3427
3426
3425
3424
2002
2003
2001
2006
2007
2004
2008
2009
2118
2996
3556
3555
3554
3553
3551
3559
3558
1263
2176
665
2177
2911
2912
1260
2914
2915
719
2917
717
1267
715
714
1797
712
2854
710
3024
1264
1069
1068
916
1061
1060
1063
1062
1065
1064
1067
1066
1669
1668
1667
1665
1663
1660
1087
1086
593
592
1083
594
1081
596
599
598
1088
3141
3142
3143
3144
3145
3146
3147
2824
2825
2826
2827
2821
2822
2823
3386
3387
3384
3385
3382
3383
3381
3388
1409
1403
1402
1401
1400
1407
1406
1405
1404
449
448
1339
1338
1491
1547
443
1334
1336
447
690
445
444
1545
1933
38
1932
33
32
31
695
37
1100
35
34
1241
1536
3090
1242
3096
644
1247
1530
649
648
3098
3099
1539
1538
339
338
335
334
337
3266
333
332
3898
3899
3893
3890
3891
3896
3897
3894
3895
847
846
3465
3464
1635
8
3631
1353
1466
4079
4078
4075
4074
4077
4076
4071
4070
4073
4072
3966
3967
3964
3965
3962
3963
3960
3961
3968
3969
3639
3636
3637
3634
3635
3632
3633
3630
840
849
137
3468
152
2345
2344
2347
2346
2341
2343
2342
3197
1310
2349
2348
2469
1455
3708
1888
1887
3703
1885
1884
3706
1882
3704
1880
2121
2120
2123
2125
2124
2127
949
2129
947
944
1084
942
943
940
569
1594
2410
2659
2658
642
2653
2652
2651
2650
2657
2656
2655
3039
3416
132
131
3415
3412
136
135
134
139
138
3418
3419
1354
1990
2018
2015
2014
2016
2011
2013
2012
183
3562
3563
3560
3561
3566
3567
3564
3565
3569
2902
2901
2900
2906
2905
2904
704
705
706
2908
703
88
89
82
83
87
84
85
762
1658
1659
2487
1652
1653
1650
1651
1656
1657
1654
1655
586
587
585
763
583
580
581
3216
588
589
3153
3151
1985
3157
3156
2839
3154
2836
3159
3158
2833
2832
2831
2830
1436
3390
1434
1435
3395
3394
1430
1431
3399
3398
1637
1438
1439
1348
1349
450
451
1342
1343
454
1345
456
457
318
1886
517
3701
3263
79
1883
1266
3707
1502
657
1500
1501
1506
653
1504
651
3085
1508
1509
3081
311
3082
310
3369
833
3945
315
314
3885
3884
3887
3886
3881
3880
3883
55
2126
3888
946
2128
752
4008
4009
4000
4001
4002
4003
4004
4005
4007
322
3970
320
321
326
3974
3977
325
329
3629
3628
758
948
3622
3625
3624
1340
3626
1881
2331
2332
2333
2334
2335
2336
2337
2338
2339
1596
1591
835
3075
3715
3714
3717
3716
3711
3710
3713
3712
1592
3719
3718
2955
2486
1599
2484
2485
2482
2481
1518
2248
2249
2244
2245
2953
2241
2243
2464
2465
997
2467
2460
990
2462
992
999
998
120
3400
122
123
124
3409
3408
2654
133
520
1188
3417
2773
3414
2068
2069
2798
2799
2792
2061
2790
2063
2796
2065
2794
2067
1185
3264
1182
1180
3370
3579
3578
3575
3574
3576
3571
3570
3573
3572
2666
2667
2664
2665
2662
2660
2661
722
2669
2938
2939
2936
2934
2935
2933
2931
3799
1645
1644
1646
1641
1640
1643
1642
1396
1648
3259
729
3797
579
578
604
573
572
571
570
577
576
575
574
3195
2808
3168
2802
3167
3164
2801
2806
3163
2804
2805
1420
1997
3368
1424
1427
2407
3364
3365
3366
3367
3360
939
3362
3363
731
730
2157
737
736
739
2019
2151
1359
1358
469
2152
465
464
1351
1350
461
1356
463
608
2158
935
1514
1517
1516
1511
1510
1513
1512
959
1275
1798
280
3184
3185
3186
3187
3180
3181
3182
3183
3188
3189
3397
582
3109
282
4018
2112
48
4012
4010
4017
4016
4015
4014
357
356
354
353
352
351
350
3984
3985
3986
3987
3980
3981
3982
358
2299
3613
2323
1111
2321
2793
2327
2326
2325
1110
3504
2329
1445
289
3618
1444
1793
1443
283
1030
285
284
287
286
3760
3761
3762
3763
3764
3765
3767
3768
1440
263
262
261
260
267
264
1031
269
268
1562
2499
2498
1291
2490
2493
2492
2495
258
2496
2193
2258
2257
2256
1567
2251
2250
2477
988
989
2473
2472
2471
2470
983
980
981
986
987
984
2478
115
252
1790
116
111
112
118
2785
2784
2787
2786
2781
2780
2783
2782
2789
2788
2079
2078
2073
2072
2071
2070
2077
2076
2075
2074
1388
1796
1035
3508
3509
1082
3500
3501
3502
3503
1795
3506
3204
2671
2670
2673
2675
2674
2677
2679
2678
2929
2928
2921
2920
2923
2922
2925
2924
2927
2926
1252
3214
3215
1632
1633
3210
1983
1636
1981
1639
3218
3219
1988
1989
1781
3222
568
2814
2817
2816
2810
2812
560
561
563
565
566
3171
3170
3172
3175
3174
3177
3176
3379
1189
3377
3376
1184
3374
3373
3372
3371
1181
726
727
724
725
1748
1749
720
1744
1745
1746
1740
1741
1743
1164
1165
1167
1160
1161
1162
1163
1623
3309
1168
1169
2137
1489
1366
2913
3305
1864
49
46
47
44
42
2034
41
1568
1380
1298
1299
1788
1292
1561
1290
1563
1296
1297
1566
1295
797
1360
796
591
475
795
1381
1716
791
590
3507
472
1367
1364
471
476
477
3191
1361
1865
478
479
3699
1368
3198
