344
345
346
347
340
341
342
343
348
349
595
719
718
717
716
715
714
712
711
298
299
296
294
295
292
293
290
291
591
590
593
592
199
594
597
596
195
598
197
196
191
190
193
192
270
271
273
274
275
276
277
278
279
524
525
526
520
521
522
523
599
528
529
449
448
443
442
441
440
447
446
445
444
108
109
102
103
101
107
104
105
39
38
33
32
31
30
36
641
640
643
642
645
644
438
646
436
648
434
435
432
433
430
431
339
338
335
334
337
336
331
330
333
332
558
555
6
98
91
90
93
95
97
96
740
741
742
559
745
746
747
748
554
557
556
551
550
553
552
238
239
234
235
236
237
230
231
232
233
1
155
146
618
619
142
143
140
141
612
613
610
611
616
617
614
149
154
194
689
688
685
684
687
686
681
680
683
682
623
459
133
132
131
130
498
499
135
134
494
495
496
497
490
491
492
493
25
26
27
20
21
22
23
28
29
407
406
405
404
403
402
400
409
408
628
379
378
371
370
373
375
374
377
376
709
705
706
707
700
701
702
703
393
392
391
89
397
396
395
82
83
80
81
86
87
84
85
7
170
607
586
587
584
585
582
580
588
589
245
244
247
246
241
148
243
242
615
249
248
519
518
511
510
513
512
515
514
517
516
458
622
621
620
627
626
625
624
451
452
453
454
455
179
178
177
176
175
174
173
172
171
198
657
654
656
183
180
655
186
653
650
185
652
188
189
658
659
651
764
10
12
15
14
17
16
18
568
752
322
323
320
321
326
327
324
325
328
329
759
201
200
203
202
205
209
208
77
76
73
72
71
70
79
78
2
669
668
667
666
665
664
663
768
661
660
215
692
690
691
696
697
694
695
698
699
542
543
541
546
547
544
545
8
548
549
120
121
122
124
125
126
127
128
129
563
414
415
416
417
411
412
413
137
418
419
136
319
313
312
311
310
316
315
314
139
138
3
725
368
369
366
367
364
365
362
361
380
381
382
383
384
385
386
387
388
389
605
579
578
150
573
572
571
570
577
576
575
574
60
61
62
63
64
65
66
67
68
69
250
251
257
254
255
157
156
731
730
733
732
735
734
737
736
739
738
504
502
503
500
630
631
632
634
635
636
637
638
464
467
466
461
460
463
462
168
164
165
166
167
160
161
162
9
647
439
649
357
356
355
354
353
352
351
350
359
358
216
217
214
769
212
213
210
211
762
763
760
761
766
767
218
219
289
288
4
280
283
282
285
284
287
286
678
679
674
675
676
670
671
672
673
263
261
260
267
266
265
268
59
58
55
54
57
56
51
258
53
52
537
535
259
532
530
539
538
50
115
252
117
116
110
113
253
119
118
429
534
421
420
423
422
425
424
427
308
309
301
302
303
304
305
152
307
144
240
145
753
569
750
757
756
755
754
560
561
562
758
564
565
567
506
229
228
227
226
225
224
223
222
220
114
88
726
727
724
390
722
723
720
721
728
729
151
604
153
606
601
600
603
602
158
112
609
608
469
399
468
749
48
49
46
47
44
45
42
43
41
465
5
639
508
489
488
487
486
485
484
483
482
481
480
509
472
473
470
471
476
477
475
478
479
187
