344
346
347
340
342
343
349
2919
2318
2319
2317
2315
2313
2310
2311
298
299
294
295
292
293
291
270
271
272
274
275
278
738
2268
2262
2263
2260
2261
2266
2267
2264
2265
2442
2447
2445
2448
2189
109
102
103
100
2047
2044
2045
2042
2043
2040
2048
2049
2688
2686
2687
2681
2682
2683
1437
99
98
90
93
92
95
94
96
1623
1990
1993
1620
1627
1997
1996
1998
1629
1628
2860
2861
2862
2864
2865
2866
2867
555
2869
557
551
550
553
552
1198
1190
1193
1192
1196
1759
1758
1757
1756
1755
1754
1753
1752
1751
1750
1177
1174
1173
1171
1170
1178
1005
644
1285
1284
1287
1280
1283
515
1289
1288
1579
689
688
1573
684
1571
1577
680
1575
682
1348
1226
2966
1223
1222
2037
625
2740
1220
2743
407
406
1373
1372
403
1374
1377
400
1379
2033
452
409
408
453
2747
1242
455
456
457
379
378
370
373
2038
374
377
376
393
392
391
390
396
394
399
2309
2301
2300
2303
2304
2307
2306
245
244
247
243
242
248
2275
2274
2276
2271
2273
2272
2279
2278
2459
2458
2455
2454
2457
2450
2453
179
178
177
176
175
174
173
172
171
2051
2052
2057
2056
2058
1501
1367
650
1505
1364
1509
2699
2698
2697
2696
2693
2692
2691
2690
1602
1972
1968
1969
1619
1616
1965
1614
1615
1960
1613
1962
1963
1749
2872
2871
2870
2877
2875
2874
2879
1768
1762
1763
1761
1766
1767
1764
1765
1142
2965
1140
1141
1144
1145
1148
1149
768
769
1546
1547
690
691
1542
1543
1540
695
699
1549
542
1780
541
546
547
544
548
549
1782
1783
1982
1785
764
1787
415
1389
412
413
1386
1387
1380
1382
1383
368
369
366
367
364
365
362
363
360
361
380
381
383
384
385
386
388
389
2191
2192
2193
2195
2196
2197
2198
253
250
251
256
257
2200
2203
2206
2208
2209
2428
2429
2420
2421
2422
2423
1849
2426
2427
1848
168
169
165
160
162
2519
2514
2515
2516
2517
2510
2511
2512
2734
2735
2736
2737
2730
2732
2738
1090
679
1814
1815
1816
1817
1810
1812
1813
1818
1819
1609
1608
1979
1978
1976
1975
1974
1605
1604
1971
809
808
803
802
800
807
806
805
804
2848
2849
2845
2842
2843
2840
1774
1777
1776
1771
1773
1772
1779
1778
2998
1158
1157
1156
1151
1150
1153
1152
3038
58
1551
2999
1553
1552
1555
1554
1557
55
3035
57
56
2994
3031
53
2997
536
534
532
531
54
2992
539
3037
1558
51
2995
3032
52
429
428
1398
421
1396
1395
1394
425
427
426
530
1840
2182
2186
2185
2184
227
226
225
2188
223
2211
2210
2217
2216
2215
2214
2219
2218
151
150
153
2438
154
156
2433
158
2430
2437
2435
2434
2509
2508
2507
2506
2505
2504
2503
2501
2727
2726
2725
2724
2723
2729
2728
1807
1806
1805
1804
1803
1802
1808
1256
1949
1943
1947
1945
818
1255
1252
813
814
815
817
2859
1991
1622
2851
2853
2852
2855
1621
2857
2856
1490
1491
1492
1493
1494
1495
1496
1497
1498
1700
1701
1702
1704
1625
1708
1709
1624
1390
1128
1129
1120
1121
1122
1126
1127
2989
2988
3029
3027
2982
2981
3024
3023
3022
3021
2984
524
525
526
527
1019
522
523
1014
1015
1016
1017
1010
529
1012
1013
1234
1235
1236
1237
1230
1232
1238
1239
438
436
437
434
435
433
558
554
1961
3065
2465
238
239
234
236
237
230
231
233
998
2229
2226
2224
2225
2223
2220
2221
1
146
147
144
145
142
141
999
149
2088
2082
2081
2086
2087
2084
2085
2538
2539
2532
2530
2531
2537
2534
2535
2713
2710
2716
2717
2718
2719
1832
1833
1830
1831
1836
1834
1839
2406
2407
2404
2405
2150
2403
2152
2153
931
937
936
2408
1955
1954
1957
1950
1953
1952
1959
1958
829
828
825
827
826
821
820
822
1536
1482
1481
1487
1486
1484
1489
1488
1713
928
1711
1717
792
791
790
1719
2413
799
2412
613
2143
2414
1139
1138
1132
1131
1130
1137
1136
1135
1134
920
1276
2061
2062
2063
3013
3010
3016
3017
3014
3015
518
1007
510
513
512
1003
514
1001
1227
622
621
620
627
626
1221
624
629
628
2882
2880
2881
2886
2887
2884
2888
2889
2
11
10
13
12
15
14
17
19
201
200
203
202
207
208
685
687
2239
2238
2231
2230
2233
2234
2237
229
228
2094
2097
2096
2091
2090
2093
2092
2098
2525
2526
2521
2520
2523
2522
2529
2705
2704
2707
2706
2701
2700
2703
2702
1829
1824
1826
1820
1823
1822
2147
2410
2145
2144
2415
2142
2417
2416
2419
921
923
925
2149
2148
2411
1921
1924
1926
1927
1929
833
830
831
836
837
835
838
839
3
784
785
786
780
781
1729
1726
1727
1724
1725
1722
1723
1721
2439
3005
3004
62
152
64
3000
3003
3002
68
69
3009
3008
1371
1582
1583
1581
1586
1587
1584
1038
1039
508
509
1032
1033
504
1036
1037
1034
1035
1212
1213
632
633
634
1217
636
638
1219
1983
2894
2897
2896
2891
1106
1107
1456
1457
1102
1100
1101
1459
1108
783
788
789
681
2137
461
216
217
212
213
210
211
218
956
462
2551
2553
2555
2556
61
2397
3006
2390
2391
2398
2399
2778
2779
66
2770
2771
2772
67
2774
2775
2776
1858
1851
1852
1857
2170
919
2177
2175
915
914
916
911
910
2604
2606
2607
2600
2601
2603
2608
2609
1933
1932
1930
1937
1935
1939
847
846
844
843
842
841
840
849
848
1739
1738
1731
1730
1732
753
751
750
757
755
754
1595
1594
1597
2958
1590
1593
1592
2954
2955
2956
1599
2951
2952
2953
1024
1027
1021
1020
1023
1022
1028
500
501
605
606
1209
600
603
631
1205
1207
1206
1201
1200
1203
1211
935
1447
1446
1112
1115
1114
1117
1440
1119
1449
1448
1350
2401
488
487
486
485
1354
483
480
1567
199
198
191
190
192
2543
1454
2540
2547
2546
2545
2544
2549
1104
2380
2383
1105
2385
2384
2387
2386
2388
2769
2768
2763
2761
2760
2766
2765
2764
903
900
901
906
904
905
1842
1841
909
1846
1845
1844
2169
2165
2164
2167
2160
2617
2616
2615
2614
2613
2612
2611
2610
2619
1908
1909
1906
1907
1904
1901
854
856
850
852
853
858
6
741
742
743
744
745
747
749
1799
3063
3062
3060
3067
3066
2949
2948
2947
2946
2945
3068
2943
2942
2941
2940
1050
1051
1052
1054
1055
1056
1057
1059
718
1697
1695
1692
1693
1690
1691
1699
1278
1279
619
1271
610
611
1274
617
614
615
1795
1472
1473
1471
1477
1475
1478
1306
1307
1300
1302
1308
498
499
495
496
497
492
493
25
26
20
21
28
1705
7
2288
2289
2280
2281
2282
2283
2284
2285
2287
2578
2577
2574
2573
2570
2379
2374
2377
2370
2371
2373
2594
2595
2596
2597
2590
2592
2593
2598
1876
1874
1875
1872
1873
1870
1871
595
1878
976
974
973
971
970
596
182
2119
180
181
186
185
2110
2111
188
2113
2115
2116
2117
2622
2623
2621
2626
2627
2624
2625
1919
1918
1910
1913
1914
1917
1916
869
868
861
860
863
862
865
864
867
866
2756
2757
2027
2020
2753
2022
2023
2028
2029
2758
2759
883
881
887
886
888
63
774
776
770
773
772
778
77
76
75
2979
73
71
70
3056
2973
3055
2976
2977
79
3051
1043
1041
1047
1046
1045
1044
1049
1048
1681
1680
1682
1685
1684
1689
1688
3025
1269
1268
1263
2987
665
664
663
662
661
1264
3020
1469
1468
1465
8
1467
1466
1461
1460
1463
521
1317
1316
1315
1311
1310
1318
528
1011
319
313
311
310
317
316
315
314
2024
2755
1334
2752
2021
2750
447
2751
446
444
405
2983
2299
2298
2291
2568
2140
2561
2560
2563
2565
2564
2566
908
2369
2367
2366
2365
2363
2361
2360
2587
2585
2584
2583
2582
2580
402
2589
1861
1860
1863
1862
1864
1867
1868
964
965
966
967
960
961
962
963
968
969
2103
2101
2100
2106
2105
2639
2635
2634
2636
2631
2630
2633
2632
641
1611
878
879
877
875
872
643
2741
2036
2035
1534
2745
2032
2031
2030
2749
2748
1532
891
892
893
1531
896
897
898
899
1249
648
1537
1617
1788
2964
2967
1967
2960
2963
2962
762
1612
760
761
2969
2968
1786
765
3048
3041
3042
3044
3047
3046
1078
1079
1072
1071
1675
1676
1677
1670
1672
1673
1095
1097
678
1091
1092
676
670
1099
673
1533
1418
1410
1411
1413
1415
1417
1322
1323
1320
1321
1326
1327
1324
1325
1328
1524
1257
1527
1520
1253
1523
1528
1258
309
302
303
304
305
307
3059
2972
3057
3052
2773
2479
2950
114
2990
2358
2359
2352
2353
2350
2351
2357
2355
2991
112
1894
1895
1896
1443
1890
1891
1892
959
958
2134
2135
2132
2130
951
953
952
954
2138
2139
477
2648
2649
2640
2643
2647
2002
2000
2007
2005
2008
2009
506
666
717
2176
2910
2911
2912
1798
2914
719
2917
2918
1792
1790
713
712
711
710
1265
716
660
1069
1068
2179
1061
1063
1062
1065
1064
1067
1066
1669
1668
1667
1665
1664
1663
1660
1087
590
593
592
1083
1081
1080
598
1089
714
2828
2824
2825
2820
2821
2823
1400
1407
1406
1405
1404
692
449
1339
693
442
1337
1336
1331
1330
445
1332
65
696
39
38
33
32
31
37
36
34
1241
640
1535
642
645
1244
1247
646
649
1248
1539
1538
339
338
335
334
337
336
331
330
333
332
1352
2854
2345
2344
2347
2346
2340
2343
2349
2348
1455
1889
1887
1884
1883
1882
1881
1880
2121
2120
2123
2122
2125
2124
2127
2126
2129
2128
1084
942
940
941
2659
2658
1450
2657
2656
2654
132
131
137
136
134
139
2019
2018
2015
2016
2012
183
1453
3034
2903
2902
2900
2907
709
2904
705
706
707
700
702
703
88
82
80
81
86
87
85
1658
1659
1652
1657
586
1986
584
585
582
580
581
588
589
1633
2838
2837
2836
2835
2834
2832
2830
3030
1434
1432
1433
1430
1431
1981
1438
1439
1260
59
458
459
450
451
1342
1343
1344
1345
1346
1347
656
657
1500
655
1506
1507
1504
651
3033
659
948
949
946
322
323
320
321
326
327
324
325
329
1340
565
2331
2332
2334
2337
2339
1341
50
2488
2489
2486
2487
2484
2482
2483
2480
1598
2248
2249
2652
2245
2246
2247
2241
2242
2464
994
2466
996
2460
2461
2462
992
2468
2469
121
122
123
124
125
126
127
128
129
2068
2069
2798
2799
2060
2793
2790
2791
2797
2066
2067
2666
2667
2664
2665
2662
2660
2661
2668
2669
2936
2934
2935
2932
2933
2930
2931
1559
1644
1647
1646
1641
1640
1643
1642
1649
579
578
573
572
571
577
576
575
2808
2809
2803
2801
2806
2807
2805
1420
1422
1425
1424
1427
1426
1429
602
730
733
938
734
739
2402
1359
1393
469
468
465
464
1351
466
1357
1356
463
608
2542
1518
1514
1275
357
356
355
354
353
352
351
350
358
2323
2322
2321
2320
2327
2326
2325
2324
2329
2328
484
289
288
281
280
283
282
284
287
1442
1441
263
262
261
260
267
265
286
269
268
1562
2491
2490
2493
258
2497
2496
1294
2258
2257
2256
2255
2254
2253
2250
2477
2476
2474
2471
2470
982
983
980
981
986
987
984
985
115
252
117
116
111
110
2199
119
2784
2787
2786
2780
2783
2782
2079
2078
2072
2071
2070
2077
2076
2074
1796
2671
2673
2672
2675
2674
2677
2679
2678
2929
2928
2921
2920
2925
2924
2927
708
2906
1630
1632
1985
1634
1635
1636
1637
1638
1639
1988
1989
2815
569
2816
2810
2813
2812
560
561
563
2819
2818
567
1188
1189
1187
1182
1180
1181
726
724
725
1748
723
720
721
1744
1746
1747
1740
1742
1743
1164
1165
1166
1167
1160
1162
1163
1168
1169
1366
2913
48
49
47
44
45
42
2034
41
1568
1569
1298
471
1292
1561
1290
1291
1564
1565
1566
1295
1360
1712
591
795
2425
793
1716
1715
1714
472
473
470
1365
476
1363
474
1361
478
479
1368
1369
